% Intrinsic and Extrinsic Camera Parameters
%
% This script file can be directly excecuted under Matlab to recover the camera intrinsic and extrinsic parameters.
% IMPORTANT: This file contains neither the structure of the calibration objects nor the image coordinates of the calibration points.
%            All those complementary variables are saved in the complete matlab data file Calib_Results.mat.
% For more information regarding the calibration model visit http://www.vision.caltech.edu/bouguetj/calib_doc/


%-- Focal length:
fc = [ 2231.812243148715879 ; 2242.127597067656552 ];

%-- Principal point:
cc = [ 625.074472056631862 ; 508.317252234158047 ];

%-- Skew coefficient:
alpha_c = 0.000000000000000;

%-- Distortion coefficients:
kc = [ -0.184450520922350 ; 0.451732780636994 ; 0.004545022506475 ; -0.004369194293610 ; 0.000000000000000 ];

%-- Focal length uncertainty:
fc_error = [ 12.456264939706774 ; 12.503167652308113 ];

%-- Principal point uncertainty:
cc_error = [ 14.277126218738838 ; 11.231076109362071 ];

%-- Skew coefficient uncertainty:
alpha_c_error = 0.000000000000000;

%-- Distortion coefficients uncertainty:
kc_error = [ 0.016057730457109 ; 0.125520140440063 ; 0.000774348109817 ; 0.001422324101143 ; 0.000000000000000 ];

%-- Image size:
nx = 1280;
ny = 960;


%-- Various other variables (may be ignored if you do not use the Matlab Calibration Toolbox):
%-- Those variables are used to control which intrinsic parameters should be optimized

n_ima = 78;						% Number of calibration images
est_fc = [ 1 ; 1 ];					% Estimation indicator of the two focal variables
est_aspect_ratio = 1;				% Estimation indicator of the aspect ratio fc(2)/fc(1)
center_optim = 1;					% Estimation indicator of the principal point
est_alpha = 0;						% Estimation indicator of the skew coefficient
est_dist = [ 1 ; 1 ; 1 ; 1 ; 0 ];	% Estimation indicator of the distortion coefficients


%-- Extrinsic parameters:
%-- The rotation (omc_kk) and the translation (Tc_kk) vectors for every calibration image and their uncertainties

%-- Image #1:
omc_1 = [ 1.940605e+00 ; 1.809800e+00 ; -4.951815e-01 ];
Tc_1  = [ -1.295726e+03 ; -1.515166e+02 ; 1.133759e+04 ];
omc_error_1 = [ 3.955256e-03 ; 5.632337e-03 ; 9.341874e-03 ];
Tc_error_1  = [ 7.256435e+01 ; 5.690795e+01 ; 6.561302e+01 ];

%-- Image #2:
omc_2 = [ 1.876726e+00 ; 1.689477e+00 ; -4.271762e-01 ];
Tc_2  = [ -1.204132e+03 ; -7.541446e+01 ; 9.813399e+03 ];
omc_error_2 = [ 3.857718e-03 ; 5.304213e-03 ; 8.424966e-03 ];
Tc_error_2  = [ 6.278692e+01 ; 4.927836e+01 ; 5.683460e+01 ];

%-- Image #3:
omc_3 = [ 1.924596e+00 ; 1.777018e+00 ; -4.609229e-01 ];
Tc_3  = [ -7.390615e+02 ; -5.247869e+01 ; 9.315762e+03 ];
omc_error_3 = [ 3.894755e-03 ; 5.240642e-03 ; 8.712797e-03 ];
Tc_error_3  = [ 5.958387e+01 ; 4.668496e+01 ; 5.258526e+01 ];

%-- Image #4:
omc_4 = [ 1.854630e+00 ; 1.783586e+00 ; -6.243273e-01 ];
Tc_4  = [ -2.515769e+01 ; -4.561798e+01 ; 9.243285e+03 ];
omc_error_4 = [ 3.883858e-03 ; 5.175940e-03 ; 8.452548e-03 ];
Tc_error_4  = [ 5.912768e+01 ; 4.627229e+01 ; 5.096348e+01 ];

%-- Image #5:
omc_5 = [ 1.990816e+00 ; 1.892624e+00 ; -5.461459e-01 ];
Tc_5  = [ 7.504435e+02 ; -8.306455e+01 ; 9.027064e+03 ];
omc_error_5 = [ 4.260032e-03 ; 4.981063e-03 ; 9.409682e-03 ];
Tc_error_5  = [ 5.780246e+01 ; 4.530900e+01 ; 5.045508e+01 ];

%-- Image #6:
omc_6 = [ -2.212055e+00 ; -2.136233e+00 ; 4.629872e-01 ];
Tc_6  = [ 7.674825e+02 ; -1.004839e+02 ; 8.537908e+03 ];
omc_error_6 = [ 6.882708e-03 ; 6.447749e-03 ; 1.426915e-02 ];
Tc_error_6  = [ 5.467070e+01 ; 4.285033e+01 ; 4.748678e+01 ];

%-- Image #7:
omc_7 = [ -1.949524e+00 ; -1.886298e+00 ; -3.454140e-01 ];
Tc_7  = [ 2.795304e+02 ; -4.440859e+01 ; 8.134494e+03 ];
omc_error_7 = [ 3.417965e-03 ; 5.156108e-03 ; 9.352697e-03 ];
Tc_error_7  = [ 5.205731e+01 ; 4.076040e+01 ; 4.637757e+01 ];

%-- Image #8:
omc_8 = [ -1.756044e+00 ; -1.757390e+00 ; -5.694458e-01 ];
Tc_8  = [ 2.481659e+02 ; 1.896653e+01 ; 8.047658e+03 ];
omc_error_8 = [ 3.324194e-03 ; 5.303020e-03 ; 8.195475e-03 ];
Tc_error_8  = [ 5.149550e+01 ; 4.032697e+01 ; 4.625707e+01 ];

%-- Image #9:
omc_9 = [ 1.943255e+00 ; 1.840770e+00 ; -5.469508e-01 ];
Tc_9  = [ 3.781658e+02 ; -8.148717e+01 ; 8.760889e+03 ];
omc_error_9 = [ 4.075527e-03 ; 5.003048e-03 ; 8.913773e-03 ];
Tc_error_9  = [ 5.606489e+01 ; 4.389455e+01 ; 4.855218e+01 ];

%-- Image #10:
omc_10 = [ 1.714039e+00 ; 1.619342e+00 ; -8.366761e-01 ];
Tc_10  = [ 3.876907e+02 ; -1.515946e+01 ; 8.922300e+03 ];
omc_error_10 = [ 4.167674e-03 ; 5.209212e-03 ; 7.647726e-03 ];
Tc_error_10  = [ 5.709958e+01 ; 4.470198e+01 ; 4.875524e+01 ];

%-- Image #11:
omc_11 = [ 2.067117e+00 ; 1.969329e+00 ; 4.452852e-02 ];
Tc_11  = [ 5.838274e+02 ; -2.225986e+02 ; 9.921410e+03 ];
omc_error_11 = [ 5.284511e-03 ; 5.064119e-03 ; 1.069131e-02 ];
Tc_error_11  = [ 6.351409e+01 ; 4.975490e+01 ; 5.805694e+01 ];

%-- Image #12:
omc_12 = [ -2.225342e+00 ; -2.241457e+00 ; 1.903306e-02 ];
Tc_12  = [ 7.133029e+01 ; -3.072946e+02 ; 1.201884e+04 ];
omc_error_12 = [ 1.858038e-02 ; 1.939556e-02 ; 4.227563e-02 ];
Tc_error_12  = [ 7.685491e+01 ; 6.019895e+01 ; 7.310497e+01 ];

%-- Image #13:
omc_13 = [ -2.191959e+00 ; -2.104109e+00 ; -2.384551e-02 ];
Tc_13  = [ -1.267901e+03 ; -2.243335e+02 ; 1.327782e+04 ];
omc_error_13 = [ 1.054342e-02 ; 1.050212e-02 ; 2.527775e-02 ];
Tc_error_13  = [ 8.503189e+01 ; 6.661146e+01 ; 7.783647e+01 ];

%-- Image #14:
omc_14 = [ 2.228526e+00 ; 2.211384e+00 ; -1.903656e-01 ];
Tc_14  = [ 1.820676e+03 ; -3.680665e+02 ; 1.330132e+04 ];
omc_error_14 = [ 1.369288e-02 ; 1.191107e-02 ; 2.865702e-02 ];
Tc_error_14  = [ 8.549241e+01 ; 6.702972e+01 ; 8.015207e+01 ];

%-- Image #15:
omc_15 = [ -2.174201e+00 ; -2.152129e+00 ; 2.231913e-01 ];
Tc_15  = [ 2.613486e+03 ; -3.656990e+02 ; 1.317569e+04 ];
omc_error_15 = [ 1.449646e-02 ; 1.679802e-02 ; 3.538160e-02 ];
Tc_error_15  = [ 8.527499e+01 ; 6.675122e+01 ; 8.185066e+01 ];

%-- Image #16:
omc_16 = [ -2.109087e+00 ; -2.038848e+00 ; 2.495728e-01 ];
Tc_16  = [ 2.029695e+02 ; -1.012811e+02 ; 7.418291e+03 ];
omc_error_16 = [ 5.754827e-03 ; 6.316903e-03 ; 1.289856e-02 ];
Tc_error_16  = [ 4.746163e+01 ; 3.714191e+01 ; 4.111348e+01 ];

%-- Image #17:
omc_17 = [ -1.937432e+00 ; -1.920679e+00 ; -2.179044e-01 ];
Tc_17  = [ 2.185762e+02 ; -1.282144e+02 ; 7.097600e+03 ];
omc_error_17 = [ 3.440675e-03 ; 5.065377e-03 ; 9.304530e-03 ];
Tc_error_17  = [ 4.542499e+01 ; 3.555597e+01 ; 4.020463e+01 ];

%-- Image #18:
omc_18 = [ -1.627313e+00 ; -1.671557e+00 ; -5.970285e-01 ];
Tc_18  = [ 2.519453e+02 ; 8.441838e+00 ; 6.825036e+03 ];
omc_error_18 = [ 3.383774e-03 ; 5.402209e-03 ; 7.525190e-03 ];
Tc_error_18  = [ 4.367444e+01 ; 3.420440e+01 ; 3.932198e+01 ];

%-- Image #19:
omc_19 = [ 1.611197e+00 ; 1.628369e+00 ; -7.490163e-01 ];
Tc_19  = [ -6.897519e+01 ; -6.614553e+01 ; 7.474262e+03 ];
omc_error_19 = [ 3.980858e-03 ; 5.270920e-03 ; 7.258750e-03 ];
Tc_error_19  = [ 4.781012e+01 ; 3.740385e+01 ; 4.060554e+01 ];

%-- Image #20:
omc_20 = [ 1.593714e+00 ; 1.665923e+00 ; -8.209127e-01 ];
Tc_20  = [ -7.781651e+02 ; -2.846226e+01 ; 7.795404e+03 ];
omc_error_20 = [ 3.679202e-03 ; 5.444593e-03 ; 7.416498e-03 ];
Tc_error_20  = [ 4.985810e+01 ; 3.909385e+01 ; 4.312103e+01 ];

%-- Image #21:
omc_21 = [ 2.301641e+00 ; 2.177788e+00 ; -9.137424e-02 ];
Tc_21  = [ -5.729018e+02 ; -1.215424e+02 ; 7.300963e+03 ];
omc_error_21 = [ 9.533475e-03 ; 8.610913e-03 ; 2.166987e-02 ];
Tc_error_21  = [ 4.670223e+01 ; 3.658448e+01 ; 4.162893e+01 ];

%-- Image #22:
omc_22 = [ -2.187179e+00 ; -2.141631e+00 ; -1.355661e-03 ];
Tc_22  = [ 1.187807e+02 ; -6.753122e+02 ; 7.032675e+03 ];
omc_error_22 = [ 9.534069e-03 ; 1.012337e-02 ; 2.115323e-02 ];
Tc_error_22  = [ 4.506628e+01 ; 3.526700e+01 ; 4.114697e+01 ];

%-- Image #23:
omc_23 = [ 2.236059e+00 ; 2.196089e+00 ; 2.665572e-02 ];
Tc_23  = [ 7.306403e+02 ; -6.917778e+02 ; 6.751972e+03 ];
omc_error_23 = [ 6.100134e-03 ; 5.556049e-03 ; 1.271788e-02 ];
Tc_error_23  = [ 4.353474e+01 ; 3.395340e+01 ; 3.967128e+01 ];

%-- Image #24:
