% Intrinsic and Extrinsic Camera Parameters
%
% This script file can be directly excecuted under Matlab to recover the camera intrinsic and extrinsic parameters.
% IMPORTANT: This file contains neither the structure of the calibration objects nor the image coordinates of the calibration points.
%            All those complementary variables are saved in the complete matlab data file Calib_Results.mat.
% For more information regarding the calibration model visit http://www.vision.caltech.edu/bouguetj/calib_doc/


%-- Focal length:
fc = [ 2232.704320088706027 ; 2235.362891575056437 ];

%-- Principal point:
cc = [ 597.386117551717462 ; 429.563185836855098 ];

%-- Skew coefficient:
alpha_c = 0.000000000000000;

%-- Distortion coefficients:
kc = [ -0.160905975026116 ; 0.078963147378777 ; 0.000651450554259 ; -0.003363325492434 ; 0.000000000000000 ];

%-- Focal length uncertainty:
fc_error = [ 7.441527266377887 ; 7.459090291524796 ];

%-- Principal point uncertainty:
cc_error = [ 11.373371420448663 ; 9.363801722754438 ];

%-- Skew coefficient uncertainty:
alpha_c_error = 0.000000000000000;

%-- Distortion coefficients uncertainty:
kc_error = [ 0.009508864288506 ; 0.092103758314685 ; 0.000756381969381 ; 0.000992838475965 ; 0.000000000000000 ];

%-- Image size:
nx = 1280;
ny = 960;


%-- Various other variables (may be ignored if you do not use the Matlab Calibration Toolbox):
%-- Those variables are used to control which intrinsic parameters should be optimized

n_ima = 94;						% Number of calibration images
est_fc = [ 1 ; 1 ];					% Estimation indicator of the two focal variables
est_aspect_ratio = 1;				% Estimation indicator of the aspect ratio fc(2)/fc(1)
center_optim = 1;					% Estimation indicator of the principal point
est_alpha = 0;						% Estimation indicator of the skew coefficient
est_dist = [ 1 ; 1 ; 1 ; 1 ; 0 ];	% Estimation indicator of the distortion coefficients


%-- Extrinsic parameters:
%-- The rotation (omc_kk) and the translation (Tc_kk) vectors for every calibration image and their uncertainties

%-- Image #1:
omc_1 = [ 1.916192e+00 ; 1.792277e+00 ; -5.418620e-01 ];
Tc_1  = [ -1.149480e+03 ; 2.476073e+02 ; 1.129610e+04 ];
omc_error_1 = [ 3.117171e-03 ; 4.255805e-03 ; 7.135805e-03 ];
Tc_error_1  = [ 5.754988e+01 ; 4.743327e+01 ; 3.877333e+01 ];

%-- Image #2:
omc_2 = [ 1.851265e+00 ; 1.675525e+00 ; -4.718502e-01 ];
Tc_2  = [ -1.077573e+03 ; 2.701911e+02 ; 9.779607e+03 ];
omc_error_2 = [ 3.117212e-03 ; 4.035581e-03 ; 6.538231e-03 ];
Tc_error_2  = [ 4.984321e+01 ; 4.108427e+01 ; 3.355599e+01 ];

%-- Image #3:
omc_3 = [ 1.899640e+00 ; 1.762453e+00 ; -5.088939e-01 ];
Tc_3  = [ -6.206397e+02 ; 2.752943e+02 ; 9.287421e+03 ];
omc_error_3 = [ 3.115187e-03 ; 3.966708e-03 ; 6.803771e-03 ];
Tc_error_3  = [ 4.732299e+01 ; 3.894931e+01 ; 3.126994e+01 ];

%-- Image #4:
omc_4 = [ 1.828094e+00 ; 1.767941e+00 ; -6.669626e-01 ];
Tc_4  = [ 8.971419e+01 ; 2.792972e+02 ; 9.217226e+03 ];
omc_error_4 = [ 3.158754e-03 ; 3.971332e-03 ; 6.656265e-03 ];
Tc_error_4  = [ 4.696883e+01 ; 3.862440e+01 ; 3.058348e+01 ];

%-- Image #5:
omc_5 = [ 1.965928e+00 ; 1.878793e+00 ; -5.909368e-01 ];
Tc_5  = [ 8.612657e+02 ; 2.350614e+02 ; 9.010184e+03 ];
omc_error_5 = [ 3.396934e-03 ; 3.755114e-03 ; 7.403627e-03 ];
Tc_error_5  = [ 4.595698e+01 ; 3.785309e+01 ; 3.072570e+01 ];

%-- Image #6:
omc_6 = [ -2.223225e+00 ; -2.147428e+00 ; 5.199047e-01 ];
Tc_6  = [ 8.723585e+02 ; 2.005355e+02 ; 8.523570e+03 ];
omc_error_6 = [ 4.864285e-03 ; 4.624653e-03 ; 1.075487e-02 ];
Tc_error_6  = [ 4.350556e+01 ; 3.581535e+01 ; 2.871570e+01 ];

%-- Image #7:
omc_7 = [ -1.966423e+00 ; -1.896299e+00 ; -3.043435e-01 ];
Tc_7  = [ 3.800405e+02 ; 2.417419e+02 ; 8.114111e+03 ];
omc_error_7 = [ 2.822741e-03 ; 4.321680e-03 ; 7.485639e-03 ];
Tc_error_7  = [ 4.137604e+01 ; 3.405414e+01 ; 2.788665e+01 ];

%-- Image #8:
omc_8 = [ -1.777016e+00 ; -1.768935e+00 ; -5.300468e-01 ];
Tc_8  = [ 3.477078e+02 ; 3.020235e+02 ; 8.026475e+03 ];
omc_error_8 = [ 2.710693e-03 ; 4.385187e-03 ; 6.609246e-03 ];
Tc_error_8  = [ 4.093079e+01 ; 3.369482e+01 ; 2.782175e+01 ];

%-- Image #9:
omc_9 = [ 1.917758e+00 ; 1.826643e+00 ; -5.915219e-01 ];
Tc_9  = [ 4.863250e+02 ; 2.269062e+02 ; 8.743251e+03 ];
omc_error_9 = [ 3.268289e-03 ; 3.796149e-03 ; 7.027400e-03 ];
Tc_error_9  = [ 4.457075e+01 ; 3.666664e+01 ; 2.937767e+01 ];

%-- Image #10:
omc_10 = [ 1.685481e+00 ; 1.604387e+00 ; -8.729467e-01 ];
Tc_10  = [ 4.978271e+02 ; 2.988529e+02 ; 8.902004e+03 ];
omc_error_10 = [ 3.450630e-03 ; 4.074652e-03 ; 6.032044e-03 ];
Tc_error_10  = [ 4.539277e+01 ; 3.733441e+01 ; 2.941045e+01 ];

%-- Image #11:
omc_11 = [ 2.048125e+00 ; 1.964869e+00 ; -8.804378e-03 ];
Tc_11  = [ 7.066673e+02 ; 1.269592e+02 ; 9.915307e+03 ];
omc_error_11 = [ 4.107835e-03 ; 3.780198e-03 ; 8.622212e-03 ];
Tc_error_11  = [ 5.060775e+01 ; 4.161097e+01 ; 3.549998e+01 ];

%-- Image #12:
omc_12 = [ -2.230970e+00 ; -2.249523e+00 ; 9.280673e-02 ];
Tc_12  = [ 2.211967e+02 ; 1.152785e+02 ; 1.200622e+04 ];
omc_error_12 = [ 1.424154e-02 ; 1.568100e-02 ; 3.436465e-02 ];
Tc_error_12  = [ 6.118188e+01 ; 5.031369e+01 ; 4.485607e+01 ];

%-- Image #13:
omc_13 = [ -2.207387e+00 ; -2.114934e+00 ; -7.058113e-03 ];
Tc_13  = [ -1.098962e+03 ; 2.424885e+02 ; 1.323598e+04 ];
omc_error_13 = [ 7.787441e-03 ; 8.108394e-03 ; 1.853173e-02 ];
Tc_error_13  = [ 6.747817e+01 ; 5.554583e+01 ; 4.643223e+01 ];

%-- Image #14:
omc_14 = [ 2.206627e+00 ; 2.196499e+00 ; -2.579034e-01 ];
Tc_14  = [ 1.983096e+03 ; 1.027204e+02 ; 1.328565e+04 ];
omc_error_14 = [ 9.923431e-03 ; 8.249008e-03 ; 2.099595e-02 ];
Tc_error_14  = [ 6.807152e+01 ; 5.601893e+01 ; 4.949882e+01 ];

%-- Image #15:
omc_15 = [ -2.179129e+00 ; -2.168067e+00 ; 3.270352e-01 ];
Tc_15  = [ 2.772524e+03 ; 1.035528e+02 ; 1.315551e+04 ];
omc_error_15 = [ 1.002215e-02 ; 1.206161e-02 ; 2.797194e-02 ];
Tc_error_15  = [ 6.774322e+01 ; 5.579913e+01 ; 5.033107e+01 ];

%-- Image #16:
omc_16 = [ -2.125288e+00 ; -2.048295e+00 ; 2.830362e-01 ];
Tc_16  = [ 2.947608e+02 ; 1.594718e+02 ; 7.407859e+03 ];
omc_error_16 = [ 4.505787e-03 ; 5.085344e-03 ; 9.761290e-03 ];
Tc_error_16  = [ 3.772814e+01 ; 3.105034e+01 ; 2.490615e+01 ];

%-- Image #17:
omc_17 = [ -1.952840e+00 ; -1.928133e+00 ; -1.765703e-01 ];
Tc_17  = [ 3.064203e+02 ; 1.215112e+02 ; 7.082395e+03 ];
omc_error_17 = [ 2.881247e-03 ; 4.281529e-03 ; 7.409027e-03 ];
Tc_error_17  = [ 3.609761e+01 ; 2.970578e+01 ; 2.421039e+01 ];

%-- Image #18:
omc_18 = [ -1.649692e+00 ; -1.682013e+00 ; -5.590380e-01 ];
Tc_18  = [ 3.363582e+02 ; 2.485646e+02 ; 6.808382e+03 ];
omc_error_18 = [ 2.763275e-03 ; 4.444114e-03 ; 6.080742e-03 ];
Tc_error_18  = [ 3.471780e+01 ; 2.858431e+01 ; 2.369100e+01 ];

%-- Image #19:
omc_19 = [ 1.582191e+00 ; 1.615021e+00 ; -7.860748e-01 ];
Tc_19  = [ 2.446008e+01 ; 1.967413e+02 ; 7.457873e+03 ];
omc_error_19 = [ 3.314353e-03 ; 4.124515e-03 ; 5.772090e-03 ];
Tc_error_19  = [ 3.799923e+01 ; 3.123546e+01 ; 2.435734e+01 ];

%-- Image #20:
omc_20 = [ 1.566926e+00 ; 1.649136e+00 ; -8.583744e-01 ];
Tc_20  = [ -6.782232e+02 ; 2.456748e+02 ; 7.769269e+03 ];
omc_error_20 = [ 3.085556e-03 ; 4.279712e-03 ; 5.847496e-03 ];
Tc_error_20  = [ 3.958354e+01 ; 3.260185e+01 ; 2.554926e+01 ];

%-- Image #21:
omc_21 = [ 2.278831e+00 ; 2.155135e+00 ; -1.154802e-01 ];
Tc_21  = [ -4.803414e+02 ; 1.341646e+02 ; 7.278990e+03 ];
omc_error_21 = [ 7.948816e-03 ; 7.002788e-03 ; 1.668951e-02 ];
Tc_error_21  = [ 3.707826e+01 ; 3.052026e+01 ; 2.498363e+01 ];

%-- Image #22:
omc_22 = [ -2.194911e+00 ; -2.150351e+00 ; 4.283668e-02 ];
Tc_22  = [ 2.068512e+02 ; -4.281628e+02 ; 7.032606e+03 ];
omc_error_22 = [ 6.914481e-03 ; 7.592916e-03 ; 1.587330e-02 ];
Tc_error_22  = [ 3.588918e+01 ; 2.946691e+01 ; 2.470376e+01 ];

%-- Image #23:
omc_23 = [ 2.221934e+00 ; 2.191782e+00 ; -3.804320e-02 ];
Tc_23  = [ 8.156571e+02 ; -4.538204e+02 ; 6.766750e+03 ];
omc_error_23 = [ 5.014168e-03 ; 4.417495e-03 ; 1.107028e-02 ];
Tc_error_23  = [ 3.483365e+01 ; 2.844772e+01 ; 2.395171e+01 ];

%-- Image #24:
