% Intrinsic and Extrinsic Camera Parameters
%
% This script file can be directly excecuted under Matlab to recover the camera intrinsic and extrinsic parameters.
% IMPORTANT: This file contains neither the structure of the calibration objects nor the image coordinates of the calibration points.
%            All those complementary variables are saved in the complete matlab data file Calib_Results.mat.
% For more information regarding the calibration model visit http://www.vision.caltech.edu/bouguetj/calib_doc/


%-- Focal length:
fc = [ 2271.283620819179760 ; 2273.585537565375489 ];

%-- Principal point:
cc = [ 622.033783690240057 ; 419.488544805874596 ];

%-- Skew coefficient:
alpha_c = 0.000000000000000;

%-- Distortion coefficients:
kc = [ -0.176348910713040 ; 0.154100705947583 ; -0.003754681244698 ; -0.001316770859980 ; 0.000000000000000 ];

%-- Focal length uncertainty:
fc_error = [ 3.610021315665525 ; 3.544985988415849 ];

%-- Principal point uncertainty:
cc_error = [ 5.356452594900783 ; 6.445773041717345 ];

%-- Skew coefficient uncertainty:
alpha_c_error = 0.000000000000000;

%-- Distortion coefficients uncertainty:
kc_error = [ 0.008317216168280 ; 0.086563534397951 ; 0.000502091106640 ; 0.000473778744771 ; 0.000000000000000 ];

%-- Image size:
nx = 1280;
ny = 960;


%-- Various other variables (may be ignored if you do not use the Matlab Calibration Toolbox):
%-- Those variables are used to control which intrinsic parameters should be optimized

n_ima = 79;						% Number of calibration images
est_fc = [ 1 ; 1 ];					% Estimation indicator of the two focal variables
est_aspect_ratio = 1;				% Estimation indicator of the aspect ratio fc(2)/fc(1)
center_optim = 1;					% Estimation indicator of the principal point
est_alpha = 0;						% Estimation indicator of the skew coefficient
est_dist = [ 1 ; 1 ; 1 ; 1 ; 0 ];	% Estimation indicator of the distortion coefficients


%-- Extrinsic parameters:
%-- The rotation (omc_kk) and the translation (Tc_kk) vectors for every calibration image and their uncertainties

%-- Image #1:
omc_1 = [ 1.910215e+00 ; 1.772233e+00 ; -5.236895e-01 ];
Tc_1  = [ -2.417862e+03 ; 3.409297e+02 ; 1.136593e+04 ];
omc_error_1 = [ 2.743244e-03 ; 3.572557e-03 ; 5.441273e-03 ];
Tc_error_1  = [ 2.696021e+01 ; 3.268970e+01 ; 2.207029e+01 ];

%-- Image #2:
omc_2 = [ 1.846310e+00 ; 1.656095e+00 ; -4.581040e-01 ];
Tc_2  = [ -2.298381e+03 ; 3.525352e+02 ; 9.841470e+03 ];
omc_error_2 = [ 2.428945e-03 ; 3.113899e-03 ; 4.605821e-03 ];
Tc_error_2  = [ 2.337499e+01 ; 2.839324e+01 ; 1.879872e+01 ];

%-- Image #3:
omc_3 = [ 1.894013e+00 ; 1.742741e+00 ; -4.890444e-01 ];
Tc_3  = [ -1.825171e+03 ; 3.520744e+02 ; 9.351849e+03 ];
omc_error_3 = [ 2.494783e-03 ; 3.151525e-03 ; 4.808134e-03 ];
Tc_error_3  = [ 2.213744e+01 ; 2.684511e+01 ; 1.717058e+01 ];

%-- Image #4:
omc_4 = [ 1.825129e+00 ; 1.746277e+00 ; -6.431430e-01 ];
Tc_4  = [ -1.114838e+03 ; 3.551478e+02 ; 9.305270e+03 ];
omc_error_4 = [ 2.411254e-03 ; 3.009814e-03 ; 4.320486e-03 ];
Tc_error_4  = [ 2.197233e+01 ; 2.651431e+01 ; 1.636891e+01 ];

%-- Image #5:
omc_5 = [ 1.957344e+00 ; 1.855118e+00 ; -5.595028e-01 ];
Tc_5  = [ -3.380102e+02 ; 3.089848e+02 ; 9.108911e+03 ];
omc_error_5 = [ 2.836040e-03 ; 3.140536e-03 ; 5.145358e-03 ];
Tc_error_5  = [ 2.149476e+01 ; 2.584507e+01 ; 1.577345e+01 ];

%-- Image #6:
omc_6 = [ 2.224807e+00 ; 2.141369e+00 ; -4.908113e-01 ];
Tc_6  = [ -3.110673e+02 ; 2.700241e+02 ; 8.614466e+03 ];
omc_error_6 = [ 4.518496e-03 ; 4.228250e-03 ; 8.899142e-03 ];
Tc_error_6  = [ 2.032504e+01 ; 2.443584e+01 ; 1.450159e+01 ];

%-- Image #7:
omc_7 = [ -1.979431e+00 ; -1.925154e+00 ; -3.310202e-01 ];
Tc_7  = [ -7.897625e+02 ; 3.081317e+02 ; 8.198845e+03 ];
omc_error_7 = [ 2.650753e-03 ; 3.087203e-03 ; 5.327859e-03 ];
Tc_error_7  = [ 1.935696e+01 ; 2.332696e+01 ; 1.484357e+01 ];

%-- Image #8:
omc_8 = [ -1.783105e+00 ; -1.798053e+00 ; -5.544038e-01 ];
Tc_8  = [ -8.193583e+02 ; 3.673928e+02 ; 8.107499e+03 ];
omc_error_8 = [ 2.354475e-03 ; 2.834427e-03 ; 4.103846e-03 ];
Tc_error_8  = [ 1.914636e+01 ; 2.308218e+01 ; 1.472810e+01 ];

%-- Image #9:
omc_9 = [ 1.912300e+00 ; 1.805258e+00 ; -5.638648e-01 ];
Tc_9  = [ -7.034978e+02 ; 2.988915e+02 ; 8.838700e+03 ];
omc_error_9 = [ 2.596597e-03 ; 3.019617e-03 ; 4.700855e-03 ];
Tc_error_9  = [ 2.085767e+01 ; 2.511535e+01 ; 1.529713e+01 ];

%-- Image #10:
omc_10 = [ 1.685216e+00 ; 1.578895e+00 ; -8.466298e-01 ];
Tc_10  = [ -6.972539e+02 ; 3.719110e+02 ; 8.994864e+03 ];
omc_error_10 = [ 2.340060e-03 ; 2.849975e-03 ; 3.516965e-03 ];
Tc_error_10  = [ 2.123086e+01 ; 2.556146e+01 ; 1.547069e+01 ];

%-- Image #11:
omc_11 = [ 2.030841e+00 ; 1.945516e+00 ; 1.851995e-02 ];
Tc_11  = [ -5.198431e+02 ; 2.091886e+02 ; 1.003890e+04 ];
omc_error_11 = [ 4.260710e-03 ; 4.309403e-03 ; 8.424333e-03 ];
Tc_error_11  = [ 2.372496e+01 ; 2.848464e+01 ; 2.118703e+01 ];

%-- Image #12:
omc_12 = [ 2.205124e+00 ; 2.222492e+00 ; -5.714854e-02 ];
Tc_12  = [ -1.072972e+03 ; 2.141304e+02 ; 1.213562e+04 ];
omc_error_12 = [ 1.783106e-02 ; 1.756325e-02 ; 3.884810e-02 ];
Tc_error_12  = [ 2.867846e+01 ; 3.450742e+01 ; 2.448532e+01 ];

%-- Image #13:
omc_13 = [ -2.252596e+00 ; -2.162474e+00 ; -1.765192e-02 ];
Tc_13  = [ -2.434309e+03 ; 3.522894e+02 ; 1.337243e+04 ];
omc_error_13 = [ 9.882400e-03 ; 9.289862e-03 ; 2.110711e-02 ];
Tc_error_13  = [ 3.196374e+01 ; 3.833313e+01 ; 2.857678e+01 ];

%-- Image #14:
omc_14 = [ 2.164032e+00 ; 2.155786e+00 ; -2.342832e-01 ];
Tc_14  = [ 6.447189e+02 ; 2.126112e+02 ; 1.344127e+04 ];
omc_error_14 = [ 1.221301e-02 ; 1.118597e-02 ; 2.480534e-02 ];
Tc_error_14  = [ 3.175821e+01 ; 3.814486e+01 ; 2.868525e+01 ];

%-- Image #15:
omc_15 = [ -2.216606e+00 ; -2.199271e+00 ; 2.421906e-01 ];
Tc_15  = [ 1.438926e+03 ; 2.151351e+02 ; 1.335430e+04 ];
omc_error_15 = [ 1.733992e-02 ; 2.034340e-02 ; 4.210770e-02 ];
Tc_error_15  = [ 3.173597e+01 ; 3.801502e+01 ; 3.282883e+01 ];

%-- Image #16:
omc_16 = [ -2.150518e+00 ; -2.074292e+00 ; 2.727617e-01 ];
Tc_16  = [ -8.511276e+02 ; 2.198706e+02 ; 7.477220e+03 ];
omc_error_16 = [ 3.591953e-03 ; 3.659514e-03 ; 7.583090e-03 ];
Tc_error_16  = [ 1.770417e+01 ; 2.128130e+01 ; 1.285768e+01 ];

%-- Image #17:
omc_17 = [ -1.967833e+00 ; -1.956682e+00 ; -2.004559e-01 ];
Tc_17  = [ -8.293887e+02 ; 1.791065e+02 ; 7.153559e+03 ];
omc_error_17 = [ 2.572483e-03 ; 2.919783e-03 ; 5.253634e-03 ];
Tc_error_17  = [ 1.689639e+01 ; 2.036433e+01 ; 1.262397e+01 ];

%-- Image #18:
omc_18 = [ -1.653994e+00 ; -1.711918e+00 ; -5.816401e-01 ];
Tc_18  = [ -7.914182e+02 ; 3.035326e+02 ; 6.874842e+03 ];
omc_error_18 = [ 2.257166e-03 ; 2.657848e-03 ; 3.539625e-03 ];
Tc_error_18  = [ 1.623867e+01 ; 1.958441e+01 ; 1.222059e+01 ];

%-- Image #19:
omc_19 = [ 1.582196e+00 ; 1.589104e+00 ; -7.638771e-01 ];
Tc_19  = [ -1.122999e+03 ; 2.580478e+02 ; 7.520371e+03 ];
omc_error_19 = [ 2.133064e-03 ; 2.728258e-03 ; 3.281165e-03 ];
Tc_error_19  = [ 1.776452e+01 ; 2.147171e+01 ; 1.277311e+01 ];

%-- Image #20:
omc_20 = [ 1.568392e+00 ; 1.624064e+00 ; -8.398106e-01 ];
Tc_20  = [ -1.833278e+03 ; 3.105604e+02 ; 7.811412e+03 ];
omc_error_20 = [ 1.971178e-03 ; 2.880631e-03 ; 3.417150e-03 ];
Tc_error_20  = [ 1.852317e+01 ; 2.253719e+01 ; 1.399410e+01 ];

%-- Image #21:
omc_21 = [ 2.243646e+00 ; 2.118731e+00 ; -1.444162e-01 ];
Tc_21  = [ -1.621441e+03 ; 1.953986e+02 ; 7.342087e+03 ];
omc_error_21 = [ 4.998174e-03 ; 5.160710e-03 ; 1.050634e-02 ];
Tc_error_21  = [ 1.748653e+01 ; 2.113289e+01 ; 1.290116e+01 ];

%-- Image #22:
omc_22 = [ -2.218309e+00 ; -2.174683e+00 ; 7.038125e-03 ];
Tc_22  = [ -9.263118e+02 ; -3.701254e+02 ; 7.110958e+03 ];
omc_error_22 = [ 7.549016e-03 ; 7.183760e-03 ; 1.628194e-02 ];
Tc_error_22  = [ 1.679797e+01 ; 2.023642e+01 ; 1.291939e+01 ];

%-- Image #23:
omc_23 = [ 2.199550e+00 ; 2.169797e+00 ; -3.111364e-02 ];
Tc_23  = [ -3.090400e+02 ; -3.977536e+02 ; 6.871010e+03 ];
omc_error_23 = [ 7.016726e-03 ; 6.961101e-03 ; 1.519685e-02 ];
Tc_error_23  = [ 1.621500e+01 ; 1.947402e+01 ; 1.352591e+01 ];

%-- Image #24:
