% Intrinsic and Extrinsic Camera Parameters
%
% This script file can be directly excecuted under Matlab to recover the camera intrinsic and extrinsic parameters.
% IMPORTANT: This file contains neither the structure of the calibration objects nor the image coordinates of the calibration points.
%            All those complementary variables are saved in the complete matlab data file Calib_Results.mat.
% For more information regarding the calibration model visit http://www.vision.caltech.edu/bouguetj/calib_doc/


%-- Focal length:
fc = [ 2244.047551542895690 ; 2250.593465226485932 ];

%-- Principal point:
cc = [ 603.647993493733338 ; 537.460805343458560 ];

%-- Skew coefficient:
alpha_c = 0.000000000000000;

%-- Distortion coefficients:
kc = [ -0.153218240265283 ; 0.324361946310574 ; 0.007083829248452 ; -0.009503950635067 ; 0.000000000000000 ];

%-- Focal length uncertainty:
fc_error = [ 31.134781978274141 ; 31.083125301835981 ];

%-- Principal point uncertainty:
cc_error = [ 24.943165340137554 ; 18.253750772304080 ];

%-- Skew coefficient uncertainty:
alpha_c_error = 0.000000000000000;

%-- Distortion coefficients uncertainty:
kc_error = [ 0.032099602226383 ; 0.190921449710364 ; 0.001309765974014 ; 0.002708280781242 ; 0.000000000000000 ];

%-- Image size:
nx = 1280;
ny = 960;


%-- Various other variables (may be ignored if you do not use the Matlab Calibration Toolbox):
%-- Those variables are used to control which intrinsic parameters should be optimized

n_ima = 31;						% Number of calibration images
est_fc = [ 1 ; 1 ];					% Estimation indicator of the two focal variables
est_aspect_ratio = 1;				% Estimation indicator of the aspect ratio fc(2)/fc(1)
center_optim = 1;					% Estimation indicator of the principal point
est_alpha = 0;						% Estimation indicator of the skew coefficient
est_dist = [ 1 ; 1 ; 1 ; 1 ; 0 ];	% Estimation indicator of the distortion coefficients


%-- Extrinsic parameters:
%-- The rotation (omc_kk) and the translation (Tc_kk) vectors for every calibration image and their uncertainties

%-- Image #1:
omc_1 = [ -2.172566e+00 ; -2.238067e+00 ; -6.499391e-02 ];
Tc_1  = [ 3.602093e+02 ; -5.617467e+02 ; 1.178908e+04 ];
omc_error_1 = [ 1.761910e-02 ; 1.912793e-02 ; 4.081649e-02 ];
Tc_error_1  = [ 1.310740e+02 ; 9.564010e+01 ; 1.685737e+02 ];

%-- Image #2:
omc_2 = [ 2.115044e+00 ; 2.168507e+00 ; 1.723237e-01 ];
Tc_2  = [ 2.120343e+02 ; -1.256584e+03 ; 1.191060e+04 ];
omc_error_2 = [ 1.033933e-02 ; 1.126866e-02 ; 2.262487e-02 ];
Tc_error_2  = [ 1.329413e+02 ; 9.676761e+01 ; 1.711905e+02 ];

%-- Image #3:
omc_3 = [ 2.131820e+00 ; 2.130838e+00 ; 2.907600e-01 ];
Tc_3  = [ -1.745660e+03 ; -1.260232e+03 ; 1.329422e+04 ];
omc_error_3 = [ 1.563829e-02 ; 1.850240e-02 ; 3.904693e-02 ];
Tc_error_3  = [ 1.493895e+02 ; 1.082336e+02 ; 1.954537e+02 ];

%-- Image #4:
omc_4 = [ -2.154047e+00 ; -2.010898e+00 ; 7.767286e-02 ];
Tc_4  = [ 6.066201e+02 ; -1.224678e+03 ; 1.703193e+04 ];
omc_error_4 = [ 2.232110e-02 ; 2.246707e-02 ; 4.920605e-02 ];
Tc_error_4  = [ 1.899100e+02 ; 1.384455e+02 ; 2.394958e+02 ];

%-- Image #5:
omc_5 = [ -2.131481e+00 ; -1.985556e+00 ; 1.351225e-01 ];
Tc_5  = [ 3.282977e+03 ; -1.207301e+03 ; 1.611126e+04 ];
omc_error_5 = [ 3.969521e-02 ; 4.675322e-02 ; 8.775621e-02 ];
Tc_error_5  = [ 1.799011e+02 ; 1.328010e+02 ; 2.371843e+02 ];

%-- Image #6:
omc_6 = [ -1.987636e+00 ; -1.827123e+00 ; 3.739333e-01 ];
Tc_6  = [ 2.724427e+03 ; -1.063571e+03 ; 1.352203e+04 ];
omc_error_6 = [ 1.086102e-02 ; 1.121776e-02 ; 2.147447e-02 ];
Tc_error_6  = [ 1.520899e+02 ; 1.111647e+02 ; 1.918270e+02 ];

%-- Image #7:
omc_7 = [ -2.064630e+00 ; -1.958745e+00 ; 1.550225e-01 ];
Tc_7  = [ 4.255538e+02 ; -7.037155e+02 ; 9.841397e+03 ];
omc_error_7 = [ 8.867196e-03 ; 9.360573e-03 ; 2.123153e-02 ];
Tc_error_7  = [ 1.097707e+02 ; 7.997614e+01 ; 1.357515e+02 ];

%-- Image #8:
omc_8 = [ -2.145110e+00 ; -2.123001e+00 ; -1.433256e-01 ];
Tc_8  = [ 5.105145e+02 ; -6.110632e+02 ; 7.544511e+03 ];
omc_error_8 = [ 8.061444e-03 ; 9.703217e-03 ; 2.048966e-02 ];
Tc_error_8  = [ 8.406270e+01 ; 6.133006e+01 ; 1.069753e+02 ];

%-- Image #9:
omc_9 = [ -2.204182e+00 ; -2.137333e+00 ; -7.554943e-02 ];
Tc_9  = [ 4.764286e+02 ; -5.297592e+02 ; 6.185516e+03 ];
omc_error_9 = [ 7.871107e-03 ; 9.068441e-03 ; 1.963699e-02 ];
Tc_error_9  = [ 6.898346e+01 ; 5.028328e+01 ; 8.755050e+01 ];

%-- Image #10:
omc_10 = [ -2.370212e+00 ; -2.004787e+00 ; -8.197623e-02 ];
Tc_10  = [ -3.707110e+02 ; -4.446556e+02 ; 6.175194e+03 ];
omc_error_10 = [ 1.042204e-02 ; 9.299812e-03 ; 2.342165e-02 ];
Tc_error_10  = [ 6.879442e+01 ; 5.005988e+01 ; 8.747931e+01 ];

%-- Image #11:
omc_11 = [ -2.319690e+00 ; -2.024169e+00 ; -4.420071e-02 ];
Tc_11  = [ -4.712187e+01 ; -4.802226e+02 ; 6.130689e+03 ];
omc_error_11 = [ 9.781840e-03 ; 9.473228e-03 ; 2.240420e-02 ];
Tc_error_11  = [ 6.823506e+01 ; 4.970623e+01 ; 8.638571e+01 ];

%-- Image #12:
omc_12 = [ -2.420889e+00 ; -1.895189e+00 ; -1.009845e-01 ];
Tc_12  = [ 4.480143e+02 ; -3.344784e+02 ; 6.039399e+03 ];
omc_error_12 = [ 7.626604e-03 ; 7.665221e-03 ; 1.927158e-02 ];
Tc_error_12  = [ 6.733943e+01 ; 4.904897e+01 ; 8.506170e+01 ];

%-- Image #13:
omc_13 = [ -2.629477e+00 ; -1.564476e+00 ; 1.263007e-01 ];
Tc_13  = [ 3.430037e+02 ; -2.017701e+02 ; 6.151221e+03 ];
omc_error_13 = [ 1.164321e-02 ; 8.496854e-03 ; 2.618667e-02 ];
Tc_error_13  = [ 6.841468e+01 ; 4.993142e+01 ; 8.577341e+01 ];

%-- Image #14:
omc_14 = [ -2.788252e+00 ; -9.386420e-01 ; 1.732556e-01 ];
Tc_14  = [ -1.907035e+01 ; -8.555480e+00 ; 6.164678e+03 ];
omc_error_14 = [ 8.710864e-03 ; 3.622532e-03 ; 2.022483e-02 ];
Tc_error_14  = [ 6.846854e+01 ; 4.987351e+01 ; 8.298009e+01 ];

%-- Image #15:
omc_15 = [ 2.938922e+00 ; 4.150925e-01 ; 1.993534e-01 ];
Tc_15  = [ -2.304434e+02 ; 2.570009e+02 ; 6.065539e+03 ];
omc_error_15 = [ 9.771388e-03 ; 2.181060e-03 ; 1.772517e-02 ];
Tc_error_15  = [ 6.742975e+01 ; 4.913491e+01 ; 8.512685e+01 ];

%-- Image #16:
omc_16 = [ 2.995158e+00 ; 8.022777e-03 ; 3.711945e-02 ];
Tc_16  = [ -3.346979e+02 ; 5.060259e+02 ; 6.128575e+03 ];
omc_error_16 = [ 1.058176e-02 ; 1.669065e-03 ; 2.076379e-02 ];
Tc_error_16  = [ 6.811464e+01 ; 4.977033e+01 ; 8.555341e+01 ];

%-- Image #17:
omc_17 = [ -3.034531e+00 ; -1.155295e-01 ; -3.950101e-01 ];
Tc_17  = [ -4.915544e+02 ; 4.429125e+02 ; 6.216020e+03 ];
omc_error_17 = [ 1.011566e-02 ; 2.028895e-03 ; 1.661683e-02 ];
Tc_error_17  = [ 6.929228e+01 ; 5.040832e+01 ; 8.675836e+01 ];

%-- Image #18:
omc_18 = [ -2.665016e+00 ; -1.256202e+00 ; 1.209862e-01 ];
Tc_18  = [ -4.619945e+01 ; -1.504340e+02 ; 6.420162e+03 ];
omc_error_18 = [ 8.959688e-03 ; 5.085094e-03 ; 2.122630e-02 ];
Tc_error_18  = [ 7.136577e+01 ; 5.198390e+01 ; 8.715886e+01 ];

%-- Image #19:
omc_19 = [ -2.384418e+00 ; -1.720291e+00 ; 1.070575e-01 ];
Tc_19  = [ 2.908687e+02 ; -2.484140e+02 ; 6.365566e+03 ];
omc_error_19 = [ 8.812637e-03 ; 7.905606e-03 ; 2.085471e-02 ];
Tc_error_19  = [ 7.084632e+01 ; 5.168225e+01 ; 8.713927e+01 ];

%-- Image #20:
omc_20 = [ -2.179999e+00 ; -1.990211e+00 ; 1.820786e-01 ];
Tc_20  = [ 5.128902e+02 ; -2.501931e+02 ; 6.378077e+03 ];
omc_error_20 = [ 9.594382e-03 ; 1.070641e-02 ; 2.230521e-02 ];
Tc_error_20  = [ 7.101006e+01 ; 5.187252e+01 ; 8.757059e+01 ];

%-- Image #21:
omc_21 = [ -1.979486e+00 ; -2.358880e+00 ; 2.153680e-01 ];
Tc_21  = [ 6.506502e+02 ; -4.303873e+02 ; 6.380259e+03 ];
omc_error_21 = [ 9.325524e-03 ; 1.186748e-02 ; 2.420784e-02 ];
Tc_error_21  = [ 7.111601e+01 ; 5.192150e+01 ; 8.914483e+01 ];

%-- Image #22:
omc_22 = [ 1.604230e+00 ; 1.613153e+00 ; -9.287550e-01 ];
Tc_22  = [ 4.848585e+02 ; 1.811893e+02 ; 7.276883e+03 ];
omc_error_22 = [ 6.999409e-03 ; 8.452623e-03 ; 1.273041e-02 ];
Tc_error_22  = [ 8.097602e+01 ; 5.908821e+01 ; 9.615142e+01 ];

%-- Image #23:
omc_23 = [ 1.775246e+00 ; 1.816437e+00 ; -4.735730e-01 ];
Tc_23  = [ 4.728676e+02 ; -1.612373e+02 ; 7.021982e+03 ];
omc_error_23 = [ 6.302879e-03 ; 8.178881e-03 ; 1.394473e-02 ];
Tc_error_23  = [ 7.817006e+01 ; 5.706011e+01 ; 9.550884e+01 ];

%-- Image #24:
