% Intrinsic and Extrinsic Camera Parameters
%
% This script file can be directly excecuted under Matlab to recover the camera intrinsic and extrinsic parameters.
% IMPORTANT: This file contains neither the structure of the calibration objects nor the image coordinates of the calibration points.
%            All those complementary variables are saved in the complete matlab data file Calib_Results.mat.
% For more information regarding the calibration model visit http://www.vision.caltech.edu/bouguetj/calib_doc/


%-- Focal length:
fc = [ 2242.558074527113149 ; 2245.641184497079848 ];

%-- Principal point:
cc = [ 663.313750283826039 ; 452.165281332959808 ];

%-- Skew coefficient:
alpha_c = 0.000000000000000;

%-- Distortion coefficients:
kc = [ -0.192196379183951 ; 0.272341362486589 ; -0.002394838519425 ; 0.000528090337734 ; 0.000000000000000 ];

%-- Focal length uncertainty:
fc_error = [ 3.211461503387866 ; 3.145204920438588 ];

%-- Principal point uncertainty:
cc_error = [ 4.742851299408358 ; 5.989223647674921 ];

%-- Skew coefficient uncertainty:
alpha_c_error = 0.000000000000000;

%-- Distortion coefficients uncertainty:
kc_error = [ 0.006883752804011 ; 0.067081037132358 ; 0.000467916906122 ; 0.000409330312809 ; 0.000000000000000 ];

%-- Image size:
nx = 1280;
ny = 960;


%-- Various other variables (may be ignored if you do not use the Matlab Calibration Toolbox):
%-- Those variables are used to control which intrinsic parameters should be optimized

n_ima = 79;						% Number of calibration images
est_fc = [ 1 ; 1 ];					% Estimation indicator of the two focal variables
est_aspect_ratio = 1;				% Estimation indicator of the aspect ratio fc(2)/fc(1)
center_optim = 1;					% Estimation indicator of the principal point
est_alpha = 0;						% Estimation indicator of the skew coefficient
est_dist = [ 1 ; 1 ; 1 ; 1 ; 0 ];	% Estimation indicator of the distortion coefficients


%-- Extrinsic parameters:
%-- The rotation (omc_kk) and the translation (Tc_kk) vectors for every calibration image and their uncertainties

%-- Image #1:
omc_1 = [ 1.921227e+00 ; 1.781612e+00 ; -5.061216e-01 ];
Tc_1  = [ -1.482137e+03 ; 1.334828e+02 ; 1.130426e+04 ];
omc_error_1 = [ 2.513736e-03 ; 3.044024e-03 ; 4.795094e-03 ];
Tc_error_1  = [ 2.393772e+01 ; 3.032381e+01 ; 1.877992e+01 ];

%-- Image #2:
omc_2 = [ 1.857195e+00 ; 1.663537e+00 ; -4.369218e-01 ];
Tc_2  = [ -1.365947e+03 ; 1.713338e+02 ; 9.786588e+03 ];
omc_error_2 = [ 2.277671e-03 ; 2.625226e-03 ; 4.009138e-03 ];
Tc_error_2  = [ 2.073514e+01 ; 2.627198e+01 ; 1.602785e+01 ];

%-- Image #3:
omc_3 = [ 1.905037e+00 ; 1.751542e+00 ; -4.707172e-01 ];
Tc_3  = [ -8.945637e+02 ; 1.811240e+02 ; 9.303729e+03 ];
omc_error_3 = [ 2.348395e-03 ; 2.662141e-03 ; 4.202051e-03 ];
Tc_error_3  = [ 1.969020e+01 ; 2.488777e+01 ; 1.476170e+01 ];

%-- Image #4:
omc_4 = [ 1.835407e+00 ; 1.756307e+00 ; -6.264185e-01 ];
Tc_4  = [ -1.827646e+02 ; 1.854741e+02 ; 9.245820e+03 ];
omc_error_4 = [ 2.310414e-03 ; 2.577149e-03 ; 3.812461e-03 ];
Tc_error_4  = [ 1.956220e+01 ; 2.465538e+01 ; 1.431987e+01 ];

%-- Image #5:
omc_5 = [ 1.968872e+00 ; 1.866678e+00 ; -5.444208e-01 ];
Tc_5  = [ 5.923406e+02 ; 1.430748e+02 ; 9.041104e+03 ];
omc_error_5 = [ 2.674554e-03 ; 2.657845e-03 ; 4.478385e-03 ];
Tc_error_5  = [ 1.916104e+01 ; 2.413289e+01 ; 1.429423e+01 ];

%-- Image #6:
omc_6 = [ -2.241183e+00 ; -2.159693e+00 ; 4.604615e-01 ];
Tc_6  = [ 6.178211e+02 ; 1.134849e+02 ; 8.556603e+03 ];
omc_error_6 = [ 4.681781e-03 ; 4.923278e-03 ; 1.019246e-02 ];
Tc_error_6  = [ 1.813388e+01 ; 2.284104e+01 ; 1.286110e+01 ];

%-- Image #7:
omc_7 = [ -1.965221e+00 ; -1.909705e+00 ; -3.387690e-01 ];
Tc_7  = [ 1.396693e+02 ; 1.590124e+02 ; 8.145778e+03 ];
omc_error_7 = [ 2.205956e-03 ; 2.816027e-03 ; 4.708759e-03 ];
Tc_error_7  = [ 1.724633e+01 ; 2.172999e+01 ; 1.302083e+01 ];

%-- Image #8:
omc_8 = [ -1.770261e+00 ; -1.783760e+00 ; -5.640578e-01 ];
Tc_8  = [ 1.099543e+02 ; 2.201307e+02 ; 8.056446e+03 ];
omc_error_8 = [ 1.980303e-03 ; 2.602852e-03 ; 3.695711e-03 ];
Tc_error_8  = [ 1.705662e+01 ; 2.149547e+01 ; 1.288356e+01 ];

%-- Image #9:
omc_9 = [ 1.922264e+00 ; 1.814631e+00 ; -5.476003e-01 ];
Tc_9  = [ 2.267742e+02 ; 1.377150e+02 ; 8.771553e+03 ];
omc_error_9 = [ 2.473286e-03 ; 2.555370e-03 ; 4.106403e-03 ];
Tc_error_9  = [ 1.856683e+01 ; 2.338568e+01 ; 1.363424e+01 ];

%-- Image #10:
omc_10 = [ 1.697475e+00 ; 1.591917e+00 ; -8.348634e-01 ];
Tc_10  = [ 2.337214e+02 ; 2.081443e+02 ; 8.934590e+03 ];
omc_error_10 = [ 2.282736e-03 ; 2.476961e-03 ; 3.125110e-03 ];
Tc_error_10  = [ 1.891850e+01 ; 2.382461e+01 ; 1.364049e+01 ];

%-- Image #11:
omc_11 = [ 2.039157e+00 ; 1.948154e+00 ; 3.193820e-02 ];
Tc_11  = [ 4.118636e+02 ; 2.614854e+01 ; 9.944693e+03 ];
omc_error_11 = [ 3.311223e-03 ; 3.016360e-03 ; 6.138443e-03 ];
Tc_error_11  = [ 2.104935e+01 ; 2.652889e+01 ; 1.848406e+01 ];

%-- Image #12:
omc_12 = [ 2.175924e+00 ; 2.193332e+00 ; -4.963160e-02 ];
Tc_12  = [ -1.335756e+02 ; -6.351630e+00 ; 1.204658e+04 ];
omc_error_12 = [ 1.600424e-02 ; 1.556673e-02 ; 3.434312e-02 ];
Tc_error_12  = [ 2.548113e+01 ; 3.212898e+01 ; 2.768253e+01 ];

%-- Image #13:
omc_13 = [ -2.221848e+00 ; -2.132792e+00 ; -4.939051e-02 ];
Tc_13  = [ -1.489776e+03 ; 1.086523e+02 ; 1.326147e+04 ];
omc_error_13 = [ 9.463019e-03 ; 9.330830e-03 ; 2.056437e-02 ];
Tc_error_13  = [ 2.812216e+01 ; 3.552064e+01 ; 2.451993e+01 ];

%-- Image #14:
omc_14 = [ 2.187251e+00 ; 2.175802e+00 ; -2.105562e-01 ];
Tc_14  = [ 1.583375e+03 ; -3.184997e+01 ; 1.333587e+04 ];
omc_error_14 = [ 9.459374e-03 ; 8.253468e-03 ; 1.899831e-02 ];
Tc_error_14  = [ 2.841714e+01 ; 3.572760e+01 ; 2.794461e+01 ];

%-- Image #15:
omc_15 = [ -2.211138e+00 ; -2.201734e+00 ; 2.829311e-01 ];
Tc_15  = [ 2.371070e+03 ; -2.944982e+01 ; 1.320906e+04 ];
omc_error_15 = [ 8.938573e-03 ; 1.046298e-02 ; 2.143605e-02 ];
Tc_error_15  = [ 2.844979e+01 ; 3.559591e+01 ; 2.795939e+01 ];

%-- Image #16:
omc_16 = [ -2.128393e+00 ; -2.053938e+00 ; 2.496276e-01 ];
Tc_16  = [ 7.542816e+01 ; 8.394744e+01 ; 7.424982e+03 ];
omc_error_16 = [ 3.841346e-03 ; 4.447561e-03 ; 8.824934e-03 ];
Tc_error_16  = [ 1.571019e+01 ; 1.979607e+01 ; 1.125422e+01 ];

%-- Image #17:
omc_17 = [ -1.952964e+00 ; -1.941505e+00 ; -2.095439e-01 ];
Tc_17  = [ 9.657107e+01 ; 4.922004e+01 ; 7.106543e+03 ];
omc_error_17 = [ 2.149274e-03 ; 2.720555e-03 ; 4.737788e-03 ];
Tc_error_17  = [ 1.504210e+01 ; 1.894808e+01 ; 1.109237e+01 ];

%-- Image #18:
omc_18 = [ -1.640737e+00 ; -1.698105e+00 ; -5.910248e-01 ];
Tc_18  = [ 1.344107e+02 ; 1.788693e+02 ; 6.830773e+03 ];
omc_error_18 = [ 1.895577e-03 ; 2.465610e-03 ; 3.249016e-03 ];
Tc_error_18  = [ 1.446282e+01 ; 1.822193e+01 ; 1.070165e+01 ];

%-- Image #19:
omc_19 = [ 1.593456e+00 ; 1.600890e+00 ; -7.503953e-01 ];
Tc_19  = [ -1.959874e+02 ; 1.207053e+02 ; 7.477428e+03 ];
omc_error_19 = [ 2.142236e-03 ; 2.367501e-03 ; 2.921011e-03 ];
Tc_error_19  = [ 1.581972e+01 ; 1.993110e+01 ; 1.107065e+01 ];

%-- Image #20:
omc_20 = [ 1.579096e+00 ; 1.636489e+00 ; -8.246267e-01 ];
Tc_20  = [ -9.071560e+02 ; 1.668296e+02 ; 7.776814e+03 ];
omc_error_20 = [ 1.972195e-03 ; 2.510369e-03 ; 3.040689e-03 ];
Tc_error_20  = [ 1.645665e+01 ; 2.083005e+01 ; 1.167855e+01 ];

%-- Image #21:
omc_21 = [ 2.266643e+00 ; 2.143671e+00 ; -9.200030e-02 ];
Tc_21  = [ -6.949328e+02 ; 6.060148e+01 ; 7.293913e+03 ];
omc_error_21 = [ 8.372831e-03 ; 7.686394e-03 ; 1.752637e-02 ];
Tc_error_21  = [ 1.543433e+01 ; 1.950159e+01 ; 1.208711e+01 ];

%-- Image #22:
omc_22 = [ -2.205109e+00 ; -2.162098e+00 ; 2.569828e-02 ];
Tc_22  = [ -8.271571e-01 ; -4.993462e+02 ; 7.069274e+03 ];
omc_error_22 = [ 7.991439e-03 ; 8.480863e-03 ; 1.807912e-02 ];
Tc_error_22  = [ 1.496636e+01 ; 1.885294e+01 ; 1.326607e+01 ];

%-- Image #23:
omc_23 = [ 2.206701e+00 ; 2.175525e+00 ; -9.055875e-03 ];
Tc_23  = [ 6.136536e+02 ; -5.218711e+02 ; 6.800787e+03 ];
omc_error_23 = [ 3.912401e-03 ; 3.442079e-03 ; 7.914870e-03 ];
Tc_error_23  = [ 1.446158e+01 ; 1.818134e+01 ; 1.192393e+01 ];

%-- Image #24:
