% Intrinsic and Extrinsic Camera Parameters
%
% This script file can be directly excecuted under Matlab to recover the camera intrinsic and extrinsic parameters.
% IMPORTANT: This file contains neither the structure of the calibration objects nor the image coordinates of the calibration points.
%            All those complementary variables are saved in the complete matlab data file Calib_Results.mat.
% For more information regarding the calibration model visit http://www.vision.caltech.edu/bouguetj/calib_doc/


%-- Focal length:
fc = [ 2200.287198820901267 ; 2206.268838118133772 ];

%-- Principal point:
cc = [ 672.049025091728936 ; 443.538024780036778 ];

%-- Skew coefficient:
alpha_c = 0.000000000000000;

%-- Distortion coefficients:
kc = [ -0.206198165814068 ; 0.640705009517520 ; 0.001308902978889 ; 0.003222293943917 ; 0.000000000000000 ];

%-- Focal length uncertainty:
fc_error = [ 10.168075738319322 ; 10.224645484706999 ];

%-- Principal point uncertainty:
cc_error = [ 10.851913452427144 ; 12.463382567026233 ];

%-- Skew coefficient uncertainty:
alpha_c_error = 0.000000000000000;

%-- Distortion coefficients uncertainty:
kc_error = [ 0.013215360172671 ; 0.124373822467232 ; 0.001085865266975 ; 0.001179215302423 ; 0.000000000000000 ];

%-- Image size:
nx = 1280;
ny = 960;


%-- Various other variables (may be ignored if you do not use the Matlab Calibration Toolbox):
%-- Those variables are used to control which intrinsic parameters should be optimized

n_ima = 56;						% Number of calibration images
est_fc = [ 1 ; 1 ];					% Estimation indicator of the two focal variables
est_aspect_ratio = 1;				% Estimation indicator of the aspect ratio fc(2)/fc(1)
center_optim = 1;					% Estimation indicator of the principal point
est_alpha = 0;						% Estimation indicator of the skew coefficient
est_dist = [ 1 ; 1 ; 1 ; 1 ; 0 ];	% Estimation indicator of the distortion coefficients


%-- Extrinsic parameters:
%-- The rotation (omc_kk) and the translation (Tc_kk) vectors for every calibration image and their uncertainties

%-- Image #1:
omc_1 = [ 1.914617e+00 ; 1.772235e+00 ; -5.056416e-01 ];
Tc_1  = [ -1.526198e+03 ; 1.761867e+02 ; 1.107703e+04 ];
omc_error_1 = [ 3.783070e-03 ; 4.915019e-03 ; 7.640924e-03 ];
Tc_error_1  = [ 5.463444e+01 ; 6.298911e+01 ; 5.255064e+01 ];

%-- Image #2:
omc_2 = [ 1.850908e+00 ; 1.654860e+00 ; -4.374923e-01 ];
Tc_2  = [ -1.404008e+03 ; 2.081698e+02 ; 9.589311e+03 ];
omc_error_2 = [ 3.887268e-03 ; 4.571457e-03 ; 6.904802e-03 ];
Tc_error_2  = [ 4.731827e+01 ; 5.457554e+01 ; 4.551963e+01 ];

%-- Image #3:
omc_3 = [ 1.899199e+00 ; 1.743813e+00 ; -4.730923e-01 ];
Tc_3  = [ -9.310491e+02 ; 2.166011e+02 ; 9.126569e+03 ];
omc_error_3 = [ 3.875790e-03 ; 4.568101e-03 ; 7.107370e-03 ];
Tc_error_3  = [ 4.503595e+01 ; 5.175148e+01 ; 4.251238e+01 ];

%-- Image #4:
omc_4 = [ 1.831414e+00 ; 1.750659e+00 ; -6.301185e-01 ];
Tc_4  = [ -2.185305e+02 ; 2.212246e+02 ; 9.084624e+03 ];
omc_error_4 = [ 3.996490e-03 ; 4.632991e-03 ; 6.906692e-03 ];
Tc_error_4  = [ 4.480881e+01 ; 5.132465e+01 ; 4.164397e+01 ];

%-- Image #5:
omc_5 = [ 1.967311e+00 ; 1.864420e+00 ; -5.522321e-01 ];
Tc_5  = [ 5.595448e+02 ; 1.783433e+02 ; 8.902914e+03 ];
omc_error_5 = [ 4.269806e-03 ; 4.448101e-03 ; 7.738856e-03 ];
Tc_error_5  = [ 4.390353e+01 ; 5.032236e+01 ; 4.166359e+01 ];

%-- Image #6:
omc_6 = [ -2.241488e+00 ; -2.159554e+00 ; 4.831072e-01 ];
Tc_6  = [ 5.869050e+02 ; 1.469135e+02 ; 8.423305e+03 ];
omc_error_6 = [ 5.407790e-03 ; 5.060189e-03 ; 1.196317e-02 ];
Tc_error_6  = [ 4.156157e+01 ; 4.761562e+01 ; 3.900468e+01 ];

%-- Image #7:
omc_7 = [ -1.968661e+00 ; -1.914111e+00 ; -3.434391e-01 ];
Tc_7  = [ 1.081212e+02 ; 1.903109e+02 ; 8.000528e+03 ];
omc_error_7 = [ 3.757524e-03 ; 4.973891e-03 ; 8.182800e-03 ];
Tc_error_7  = [ 3.944100e+01 ; 4.521034e+01 ; 3.792194e+01 ];

%-- Image #8:
omc_8 = [ -1.773399e+00 ; -1.788352e+00 ; -5.661981e-01 ];
Tc_8  = [ 7.864893e+01 ; 2.510242e+02 ; 7.912548e+03 ];
omc_error_8 = [ 3.677844e-03 ; 5.063105e-03 ; 7.151832e-03 ];
Tc_error_8  = [ 3.901089e+01 ; 4.473211e+01 ; 3.786781e+01 ];

%-- Image #9:
omc_9 = [ 1.919265e+00 ; 1.810812e+00 ; -5.536986e-01 ];
Tc_9  = [ 1.937182e+02 ; 1.718312e+02 ; 8.628457e+03 ];
omc_error_9 = [ 4.146516e-03 ; 4.432080e-03 ; 7.320695e-03 ];
Tc_error_9  = [ 4.252577e+01 ; 4.872417e+01 ; 3.998576e+01 ];

%-- Image #10:
omc_10 = [ 1.694442e+00 ; 1.587145e+00 ; -8.380961e-01 ];
Tc_10  = [ 1.999565e+02 ; 2.428063e+02 ; 8.786460e+03 ];
omc_error_10 = [ 4.325727e-03 ; 4.809170e-03 ; 6.221142e-03 ];
Tc_error_10  = [ 4.331886e+01 ; 4.961724e+01 ; 3.999722e+01 ];

%-- Image #11:
omc_11 = [ 2.039286e+00 ; 1.948893e+00 ; 2.833346e-02 ];
Tc_11  = [ 3.745500e+02 ; 6.459237e+01 ; 9.788720e+03 ];
omc_error_11 = [ 4.921581e-03 ; 4.100359e-03 ; 9.157760e-03 ];
Tc_error_11  = [ 4.825332e+01 ; 5.529203e+01 ; 4.792060e+01 ];

%-- Image #12:
omc_12 = [ 2.185416e+00 ; 2.202072e+00 ; -5.934797e-02 ];
Tc_12  = [ -1.803555e+02 ; 4.006386e+01 ; 1.184441e+04 ];
omc_error_12 = [ 1.825512e-02 ; 1.757910e-02 ; 3.950912e-02 ];
Tc_error_12  = [ 5.841738e+01 ; 6.690416e+01 ; 5.898523e+01 ];

%-- Image #13:
omc_13 = [ -2.219922e+00 ; -2.132815e+00 ; -7.814704e-02 ];
Tc_13  = [ -1.541356e+03 ; 1.587286e+02 ; 1.299186e+04 ];
omc_error_13 = [ 9.129467e-03 ; 8.904821e-03 ; 2.153925e-02 ];
Tc_error_13  = [ 6.411222e+01 ; 7.377907e+01 ; 6.276578e+01 ];

%-- Image #14:
omc_14 = [ 2.200116e+00 ; 2.185564e+00 ; -2.099678e-01 ];
Tc_14  = [ 1.536998e+03 ; 1.905400e+01 ; 1.314207e+04 ];
omc_error_14 = [ 1.081697e-02 ; 9.323255e-03 ; 2.236759e-02 ];
Tc_error_14  = [ 6.502728e+01 ; 7.447546e+01 ; 6.611488e+01 ];

%-- Image #15:
omc_15 = [ -2.197912e+00 ; -2.177153e+00 ; 2.322107e-01 ];
Tc_15  = [ 2.329355e+03 ; 2.003857e+01 ; 1.303413e+04 ];
omc_error_15 = [ 1.117785e-02 ; 1.346573e-02 ; 2.766586e-02 ];
Tc_error_15  = [ 6.497162e+01 ; 7.422191e+01 ; 6.762186e+01 ];

%-- Image #16:
omc_16 = [ -2.141051e+00 ; -2.066629e+00 ; 2.460216e-01 ];
Tc_16  = [ 4.690236e+01 ; 1.126898e+02 ; 7.307121e+03 ];
omc_error_16 = [ 5.296107e-03 ; 5.585104e-03 ; 1.136763e-02 ];
Tc_error_16  = [ 3.599446e+01 ; 4.125912e+01 ; 3.398994e+01 ];

%-- Image #17:
omc_17 = [ -1.957508e+00 ; -1.946711e+00 ; -2.148392e-01 ];
Tc_17  = [ 6.918032e+01 ; 7.669543e+01 ; 6.982924e+03 ];
omc_error_17 = [ 3.787318e-03 ; 4.835846e-03 ; 8.212456e-03 ];
Tc_error_17  = [ 3.441454e+01 ; 3.943873e+01 ; 3.297716e+01 ];

%-- Image #18:
omc_18 = [ -1.644429e+00 ; -1.702884e+00 ; -5.922758e-01 ];
Tc_18  = [ 1.080256e+02 ; 2.052564e+02 ; 6.712795e+03 ];
omc_error_18 = [ 3.731658e-03 ; 5.056044e-03 ; 6.584608e-03 ];
Tc_error_18  = [ 3.309211e+01 ; 3.795083e+01 ; 3.228493e+01 ];

%-- Image #19:
omc_19 = [ 1.590262e+00 ; 1.595482e+00 ; -7.528507e-01 ];
Tc_19  = [ -2.248189e+02 ; 1.497761e+02 ; 7.349880e+03 ];
omc_error_19 = [ 4.197737e-03 ; 4.743836e-03 ; 6.007864e-03 ];
Tc_error_19  = [ 3.625271e+01 ; 4.150650e+01 ; 3.324004e+01 ];

%-- Image #20:
omc_20 = [ 1.575403e+00 ; 1.628518e+00 ; -8.247858e-01 ];
Tc_20  = [ -9.378462e+02 ; 1.965266e+02 ; 7.629171e+03 ];
omc_error_20 = [ 3.794991e-03 ; 4.995200e-03 ; 6.170794e-03 ];
Tc_error_20  = [ 3.763809e+01 ; 4.331481e+01 ; 3.477379e+01 ];

%-- Image #21:
omc_21 = [ 2.256237e+00 ; 2.134392e+00 ; -7.389849e-02 ];
Tc_21  = [ -7.236311e+02 ; 8.772013e+01 ; 7.154111e+03 ];
omc_error_21 = [ 8.906948e-03 ; 8.319864e-03 ; 1.900775e-02 ];
Tc_error_21  = [ 3.531119e+01 ; 4.055888e+01 ; 3.391296e+01 ];

%-- Image #22:
omc_22 = [ -2.203952e+00 ; -2.159678e+00 ; 8.540682e-03 ];
Tc_22  = [ -2.856786e+01 ; -4.719918e+02 ; 6.936029e+03 ];
omc_error_22 = [ 7.794909e-03 ; 8.249505e-03 ; 1.746004e-02 ];
Tc_error_22  = [ 3.424568e+01 ; 3.917708e+01 ; 3.317678e+01 ];

%-- Image #23:
omc_23 = [ 2.208309e+00 ; 2.175277e+00 ; 8.990697e-03 ];
Tc_23  = [ 5.877985e+02 ; -4.960341e+02 ; 6.680282e+03 ];
omc_error_23 = [ 5.264893e-03 ; 4.443555e-03 ; 1.106755e-02 ];
Tc_error_23  = [ 3.314309e+01 ; 3.777802e+01 ; 3.262873e+01 ];

%-- Image #24:
