% Intrinsic and Extrinsic Camera Parameters
%
% This script file can be directly excecuted under Matlab to recover the camera intrinsic and extrinsic parameters.
% IMPORTANT: This file contains neither the structure of the calibration objects nor the image coordinates of the calibration points.
%            All those complementary variables are saved in the complete matlab data file Calib_Results.mat.
% For more information regarding the calibration model visit http://www.vision.caltech.edu/bouguetj/calib_doc/


%-- Focal length:
fc = [ 2233.008581339654938 ; 2234.324702713184706 ];

%-- Principal point:
cc = [ 588.734299360629734 ; 408.421677170351415 ];

%-- Skew coefficient:
alpha_c = 0.000000000000000;

%-- Distortion coefficients:
kc = [ -0.112625846192538 ; -0.373171695011801 ; -0.001224017590538 ; -0.003520870676577 ; 0.000000000000000 ];

%-- Focal length uncertainty:
fc_error = [ 10.555382506605726 ; 10.584765228080093 ];

%-- Principal point uncertainty:
cc_error = [ 15.968304643063760 ; 13.149242617999134 ];

%-- Skew coefficient uncertainty:
alpha_c_error = 0.000000000000000;

%-- Distortion coefficients uncertainty:
kc_error = [ 0.018146366395186 ; 0.231048686860408 ; 0.001368933329898 ; 0.001551481621609 ; 0.000000000000000 ];

%-- Image size:
nx = 1280;
ny = 960;


%-- Various other variables (may be ignored if you do not use the Matlab Calibration Toolbox):
%-- Those variables are used to control which intrinsic parameters should be optimized

n_ima = 47;						% Number of calibration images
est_fc = [ 1 ; 1 ];					% Estimation indicator of the two focal variables
est_aspect_ratio = 1;				% Estimation indicator of the aspect ratio fc(2)/fc(1)
center_optim = 1;					% Estimation indicator of the principal point
est_alpha = 0;						% Estimation indicator of the skew coefficient
est_dist = [ 1 ; 1 ; 1 ; 1 ; 0 ];	% Estimation indicator of the distortion coefficients


%-- Extrinsic parameters:
%-- The rotation (omc_kk) and the translation (Tc_kk) vectors for every calibration image and their uncertainties

%-- Image #1:
omc_1 = [ 1.907718e+00 ; 1.776882e+00 ; -5.329285e-01 ];
Tc_1  = [ -2.254907e+03 ; 3.963995e+02 ; 1.124291e+04 ];
omc_error_1 = [ 3.810174e-03 ; 5.921488e-03 ; 9.368143e-03 ];
Tc_error_1  = [ 8.032850e+01 ; 6.681482e+01 ; 5.669320e+01 ];

%-- Image #2:
omc_2 = [ 1.842347e+00 ; 1.660325e+00 ; -4.675934e-01 ];
Tc_2  = [ -2.156134e+03 ; 4.003190e+02 ; 9.732495e+03 ];
omc_error_2 = [ 3.897303e-03 ; 5.726148e-03 ; 8.722640e-03 ];
Tc_error_2  = [ 6.957111e+01 ; 5.798186e+01 ; 4.957091e+01 ];

%-- Image #3:
omc_3 = [ 1.890208e+00 ; 1.746484e+00 ; -4.999154e-01 ];
Tc_3  = [ -1.689561e+03 ; 3.977518e+02 ; 9.240781e+03 ];
omc_error_3 = [ 3.861904e-03 ; 5.616722e-03 ; 9.033221e-03 ];
Tc_error_3  = [ 6.610152e+01 ; 5.483437e+01 ; 4.550687e+01 ];

%-- Image #4:
omc_4 = [ 1.820036e+00 ; 1.750021e+00 ; -6.597947e-01 ];
Tc_4  = [ -9.786088e+02 ; 4.009300e+02 ; 9.174916e+03 ];
omc_error_4 = [ 3.932899e-03 ; 5.611140e-03 ; 8.951786e-03 ];
Tc_error_4  = [ 6.564465e+01 ; 5.415859e+01 ; 4.334983e+01 ];

%-- Image #5:
omc_5 = [ 1.954238e+00 ; 1.859397e+00 ; -5.832195e-01 ];
Tc_5  = [ -2.040073e+02 ; 3.543033e+02 ; 8.971938e+03 ];
omc_error_5 = [ 4.131445e-03 ; 5.274175e-03 ; 9.629420e-03 ];
Tc_error_5  = [ 6.418514e+01 ; 5.282476e+01 ; 4.199765e+01 ];

%-- Image #6:
omc_6 = [ 2.222698e+00 ; 2.140993e+00 ; -5.155671e-01 ];
Tc_6  = [ -1.844847e+02 ; 3.130349e+02 ; 8.488608e+03 ];
omc_error_6 = [ 4.556343e-03 ; 5.395952e-03 ; 1.112381e-02 ];
Tc_error_6  = [ 6.067740e+01 ; 4.997119e+01 ; 3.976245e+01 ];

%-- Image #7:
omc_7 = [ -1.979030e+00 ; -1.917078e+00 ; -3.113390e-01 ];
Tc_7  = [ -6.693892e+02 ; 3.484815e+02 ; 8.074810e+03 ];
omc_error_7 = [ 4.044722e-03 ; 5.645317e-03 ; 1.018566e-02 ];
Tc_error_7  = [ 5.778026e+01 ; 4.764892e+01 ; 3.926033e+01 ];

%-- Image #8:
omc_8 = [ -1.786211e+00 ; -1.790246e+00 ; -5.355597e-01 ];
Tc_8  = [ -7.002738e+02 ; 4.071984e+02 ; 7.984697e+03 ];
omc_error_8 = [ 4.025306e-03 ; 5.920414e-03 ; 9.102216e-03 ];
Tc_error_8  = [ 5.714828e+01 ; 4.714687e+01 ; 3.920107e+01 ];

%-- Image #9:
omc_9 = [ 1.908199e+00 ; 1.809045e+00 ; -5.841635e-01 ];
Tc_9  = [ -5.737694e+02 ; 3.425545e+02 ; 8.707716e+03 ];
omc_error_9 = [ 4.025292e-03 ; 5.363663e-03 ; 9.318422e-03 ];
Tc_error_9  = [ 6.228866e+01 ; 5.130867e+01 ; 4.090039e+01 ];

%-- Image #10:
omc_10 = [ 1.678172e+00 ; 1.583783e+00 ; -8.647713e-01 ];
Tc_10  = [ -5.652009e+02 ; 4.164012e+02 ; 8.861970e+03 ];
omc_error_10 = [ 4.419268e-03 ; 5.799086e-03 ; 8.279133e-03 ];
Tc_error_10  = [ 6.340899e+01 ; 5.221804e+01 ; 4.108328e+01 ];

%-- Image #11:
omc_11 = [ 2.033531e+00 ; 1.952004e+00 ; -5.303924e-03 ];
Tc_11  = [ -3.726080e+02 ; 2.586820e+02 ; 9.886419e+03 ];
omc_error_11 = [ 5.278370e-03 ; 5.123749e-03 ; 1.151021e-02 ];
Tc_error_11  = [ 7.071471e+01 ; 5.820442e+01 ; 4.863851e+01 ];

%-- Image #12:
omc_12 = [ -2.205710e+00 ; -2.222929e+00 ; 6.280054e-02 ];
Tc_12  = [ -8.948559e+02 ; 2.732582e+02 ; 1.194498e+04 ];
omc_error_12 = [ 1.206909e-02 ; 1.283693e-02 ; 2.790634e-02 ];
Tc_error_12  = [ 8.544710e+01 ; 7.040152e+01 ; 5.769797e+01 ];

%-- Image #13:
omc_13 = [ -2.235477e+00 ; -2.145025e+00 ; 6.226228e-03 ];
Tc_13  = [ -2.236122e+03 ; 4.168645e+02 ; 1.318431e+04 ];
omc_error_13 = [ 8.063615e-03 ; 7.895175e-03 ; 1.853788e-02 ];
Tc_error_13  = [ 9.469789e+01 ; 7.810816e+01 ; 6.522027e+01 ];

%-- Image #14:
omc_14 = [ 2.174905e+00 ; 2.167594e+00 ; -2.618946e-01 ];
Tc_14  = [ 8.442463e+02 ; 2.790610e+02 ; 1.323907e+04 ];
omc_error_14 = [ 1.040954e-02 ; 9.356649e-03 ; 2.270593e-02 ];
Tc_error_14  = [ 9.475334e+01 ; 7.802337e+01 ; 6.487467e+01 ];

%-- Image #15:
omc_15 = [ -2.190102e+00 ; -2.167721e+00 ; 2.501048e-01 ];
Tc_15  = [ 1.639676e+03 ; 2.809999e+02 ; 1.315753e+04 ];
omc_error_15 = [ 1.797464e-02 ; 2.241881e-02 ; 5.215654e-02 ];
Tc_error_15  = [ 9.466587e+01 ; 7.779102e+01 ; 6.723307e+01 ];

%-- Image #16:
omc_16 = [ -2.144960e+00 ; -2.066769e+00 ; 2.844097e-01 ];
Tc_16  = [ -7.420847e+02 ; 2.568138e+02 ; 7.373458e+03 ];
omc_error_16 = [ 5.348933e-03 ; 5.109978e-03 ; 1.070503e-02 ];
Tc_error_16  = [ 5.273167e+01 ; 4.348463e+01 ; 3.520252e+01 ];

%-- Image #17:
omc_17 = [ -1.966186e+00 ; -1.947888e+00 ; -1.815988e-01 ];
Tc_17  = [ -7.243784e+02 ; 2.143181e+02 ; 7.047691e+03 ];
omc_error_17 = [ 4.128576e-03 ; 5.514802e-03 ; 1.010563e-02 ];
Tc_error_17  = [ 5.042422e+01 ; 4.159195e+01 ; 3.418086e+01 ];

%-- Image #18:
omc_18 = [ -1.658367e+00 ; -1.703678e+00 ; -5.641389e-01 ];
Tc_18  = [ -6.904329e+02 ; 3.373222e+02 ; 6.772298e+03 ];
omc_error_18 = [ 4.186275e-03 ; 6.035396e-03 ; 8.407810e-03 ];
Tc_error_18  = [ 4.847273e+01 ; 4.000529e+01 ; 3.342722e+01 ];

%-- Image #19:
omc_19 = [ 1.575399e+00 ; 1.594203e+00 ; -7.788294e-01 ];
Tc_19  = [ -1.012964e+03 ; 2.950118e+02 ; 7.420192e+03 ];
omc_error_19 = [ 4.214891e-03 ; 5.905917e-03 ; 7.965862e-03 ];
Tc_error_19  = [ 5.309482e+01 ; 4.385116e+01 ; 3.488494e+01 ];

%-- Image #20:
omc_20 = [ 1.561887e+00 ; 1.628448e+00 ; -8.515828e-01 ];
Tc_20  = [ -1.721106e+03 ; 3.488802e+02 ; 7.729390e+03 ];
omc_error_20 = [ 3.839846e-03 ; 6.164388e-03 ; 8.059856e-03 ];
Tc_error_20  = [ 5.523252e+01 ; 4.605355e+01 ; 3.856340e+01 ];

%-- Image #21:
omc_21 = [ 2.257234e+00 ; 2.133403e+00 ; -1.489245e-01 ];
Tc_21  = [ -1.513975e+03 ; 2.308237e+02 ; 7.251050e+03 ];
omc_error_21 = [ 6.148196e-03 ; 6.429500e-03 ; 1.351191e-02 ];
Tc_error_21  = [ 5.207158e+01 ; 4.310669e+01 ; 3.625752e+01 ];

%-- Image #22:
omc_22 = [ -2.207237e+00 ; -2.163419e+00 ; 2.728715e-02 ];
Tc_22  = [ -8.217833e+02 ; -3.356767e+02 ; 7.003779e+03 ];
omc_error_22 = [ 6.387278e-03 ; 6.220256e-03 ; 1.485365e-02 ];
Tc_error_22  = [ 5.008111e+01 ; 4.128480e+01 ; 3.398405e+01 ];

%-- Image #23:
omc_23 = [ 2.205714e+00 ; 2.176655e+00 ; -3.812933e-02 ];
Tc_23  = [ -2.082230e+02 ; -3.644933e+02 ; 6.756648e+03 ];
omc_error_23 = [ 6.545239e-03 ; 6.371704e-03 ; 1.584129e-02 ];
Tc_error_23  = [ 4.835790e+01 ; 3.972338e+01 ; 3.287110e+01 ];

%-- Image #24:
