% Intrinsic and Extrinsic Camera Parameters
%
% This script file can be directly excecuted under Matlab to recover the camera intrinsic and extrinsic parameters.
% IMPORTANT: This file contains neither the structure of the calibration objects nor the image coordinates of the calibration points.
%            All those complementary variables are saved in the complete matlab data file Calib_Results.mat.
% For more information regarding the calibration model visit http://www.vision.caltech.edu/bouguetj/calib_doc/


%-- Focal length:
fc = [ 2215.834576755426951 ; 2232.282510889064724 ];

%-- Principal point:
cc = [ 637.447792667578710 ; 485.296506671490192 ];

%-- Skew coefficient:
alpha_c = 0.000000000000000;

%-- Distortion coefficients:
kc = [ -0.189290109526982 ; 0.395869964076185 ; -0.000749735843694 ; 0.000281966639765 ; 0.000000000000000 ];

%-- Focal length uncertainty:
fc_error = [ 9.623473402082080 ; 9.726791445478595 ];

%-- Principal point uncertainty:
cc_error = [ 15.070664062344639 ; 11.706301386145993 ];

%-- Skew coefficient uncertainty:
alpha_c_error = 0.000000000000000;

%-- Distortion coefficients uncertainty:
kc_error = [ 0.014213608810905 ; 0.134745400442842 ; 0.000938220510791 ; 0.001411110296576 ; 0.000000000000000 ];

%-- Image size:
nx = 1280;
ny = 960;


%-- Various other variables (may be ignored if you do not use the Matlab Calibration Toolbox):
%-- Those variables are used to control which intrinsic parameters should be optimized

n_ima = 47;						% Number of calibration images
est_fc = [ 1 ; 1 ];					% Estimation indicator of the two focal variables
est_aspect_ratio = 1;				% Estimation indicator of the aspect ratio fc(2)/fc(1)
center_optim = 1;					% Estimation indicator of the principal point
est_alpha = 0;						% Estimation indicator of the skew coefficient
est_dist = [ 1 ; 1 ; 1 ; 1 ; 0 ];	% Estimation indicator of the distortion coefficients


%-- Extrinsic parameters:
%-- The rotation (omc_kk) and the translation (Tc_kk) vectors for every calibration image and their uncertainties

%-- Image #1:
omc_1 = [ 1.930718e+00 ; 1.796594e+00 ; -5.042627e-01 ];
Tc_1  = [ -1.358197e+03 ; -3.404293e+01 ; 1.123540e+04 ];
omc_error_1 = [ 3.529603e-03 ; 5.407305e-03 ; 8.852156e-03 ];
Tc_error_1  = [ 7.642412e+01 ; 5.913076e+01 ; 5.128626e+01 ];

%-- Image #2:
omc_2 = [ 1.867607e+00 ; 1.678053e+00 ; -4.356328e-01 ];
Tc_2  = [ -1.258641e+03 ; 2.616768e+01 ; 9.726952e+03 ];
omc_error_2 = [ 3.641013e-03 ; 5.227086e-03 ; 8.209784e-03 ];
Tc_error_2  = [ 6.618528e+01 ; 5.122382e+01 ; 4.442384e+01 ];

%-- Image #3:
omc_3 = [ 1.915181e+00 ; 1.765680e+00 ; -4.682295e-01 ];
Tc_3  = [ -7.909217e+02 ; 4.335039e+01 ; 9.243973e+03 ];
omc_error_3 = [ 3.622563e-03 ; 5.101836e-03 ; 8.473058e-03 ];
Tc_error_3  = [ 6.288124e+01 ; 4.855258e+01 ; 4.078708e+01 ];

%-- Image #4:
omc_4 = [ 1.845829e+00 ; 1.772748e+00 ; -6.273375e-01 ];
Tc_4  = [ -7.623266e+01 ; 4.909273e+01 ; 9.188855e+03 ];
omc_error_4 = [ 3.719650e-03 ; 5.115250e-03 ; 8.407451e-03 ];
Tc_error_4  = [ 6.248642e+01 ; 4.816408e+01 ; 3.936349e+01 ];

%-- Image #5:
omc_5 = [ 1.980604e+00 ; 1.882081e+00 ; -5.452309e-01 ];
Tc_5  = [ 7.013400e+02 ; 9.918577e+00 ; 8.987194e+03 ];
omc_error_5 = [ 3.921115e-03 ; 4.727169e-03 ; 9.186007e-03 ];
Tc_error_5  = [ 6.111892e+01 ; 4.718392e+01 ; 3.926489e+01 ];

%-- Image #6:
omc_6 = [ -2.225219e+00 ; -2.146950e+00 ; 4.524557e-01 ];
Tc_6  = [ 7.212447e+02 ; -1.258525e+01 ; 8.506497e+03 ];
omc_error_6 = [ 5.587632e-03 ; 4.926889e-03 ; 1.196563e-02 ];
Tc_error_6  = [ 5.786677e+01 ; 4.466276e+01 ; 3.692875e+01 ];

%-- Image #7:
omc_7 = [ -1.954991e+00 ; -1.893871e+00 ; -3.394562e-01 ];
Tc_7  = [ 2.350099e+02 ; 3.907869e+01 ; 8.094849e+03 ];
omc_error_7 = [ 3.476086e-03 ; 5.397532e-03 ; 9.518297e-03 ];
Tc_error_7  = [ 5.506448e+01 ; 4.245583e+01 ; 3.579439e+01 ];

%-- Image #8:
omc_8 = [ -1.761687e+00 ; -1.766437e+00 ; -5.648609e-01 ];
Tc_8  = [ 2.039749e+02 ; 1.014248e+02 ; 8.005610e+03 ];
omc_error_8 = [ 3.403165e-03 ; 5.619719e-03 ; 8.523875e-03 ];
Tc_error_8  = [ 5.445492e+01 ; 4.199791e+01 ; 3.573651e+01 ];

%-- Image #9:
omc_9 = [ 1.933545e+00 ; 1.830340e+00 ; -5.480919e-01 ];
Tc_9  = [ 3.302108e+02 ; 8.433513e+00 ; 8.717403e+03 ];
omc_error_9 = [ 3.831509e-03 ; 4.841963e-03 ; 8.799951e-03 ];
Tc_error_9  = [ 5.927558e+01 ; 4.570338e+01 ; 3.765564e+01 ];

%-- Image #10:
omc_10 = [ 1.706065e+00 ; 1.608978e+00 ; -8.371388e-01 ];
Tc_10  = [ 3.390293e+02 ; 7.638622e+01 ; 8.879941e+03 ];
omc_error_10 = [ 4.184462e-03 ; 5.297176e-03 ; 7.781303e-03 ];
Tc_error_10  = [ 6.039592e+01 ; 4.656055e+01 ; 3.772219e+01 ];

%-- Image #11:
omc_11 = [ 2.054651e+00 ; 1.960541e+00 ; 3.490513e-02 ];
Tc_11  = [ 5.297133e+02 ; -1.203956e+02 ; 9.877005e+03 ];
omc_error_11 = [ 4.763795e-03 ; 4.511812e-03 ; 1.009438e-02 ];
Tc_error_11  = [ 6.718989e+01 ; 5.181573e+01 ; 4.483540e+01 ];

%-- Image #12:
omc_12 = [ -2.236405e+00 ; -2.253902e+00 ; 4.713553e-02 ];
Tc_12  = [ 5.359251e+00 ; -1.838782e+02 ; 1.196536e+04 ];
omc_error_12 = [ 1.216133e-02 ; 1.266615e-02 ; 2.873097e-02 ];
Tc_error_12  = [ 8.136314e+01 ; 6.272705e+01 ; 5.501324e+01 ];

%-- Image #13:
omc_13 = [ -2.205411e+00 ; -2.117418e+00 ; -5.475631e-02 ];
Tc_13  = [ -1.342960e+03 ; -8.747655e+01 ; 1.317505e+04 ];
omc_error_13 = [ 8.046091e-03 ; 8.036890e-03 ; 2.081741e-02 ];
Tc_error_13  = [ 8.969531e+01 ; 6.927582e+01 ; 6.041274e+01 ];

%-- Image #14:
omc_14 = [ 2.202622e+00 ; 2.189855e+00 ; -1.980992e-01 ];
Tc_14  = [ 1.747433e+03 ; -2.292491e+02 ; 1.324360e+04 ];
omc_error_14 = [ 8.405878e-03 ; 7.530221e-03 ; 1.897751e-02 ];
Tc_error_14  = [ 9.032764e+01 ; 6.976682e+01 ; 6.174068e+01 ];

%-- Image #15:
omc_15 = [ -2.199701e+00 ; -2.185963e+00 ; 2.454761e-01 ];
Tc_15  = [ 2.540170e+03 ; -2.261425e+02 ; 1.312408e+04 ];
omc_error_15 = [ 8.849432e-03 ; 9.655784e-03 ; 2.390737e-02 ];
Tc_error_15  = [ 8.997863e+01 ; 6.950380e+01 ; 6.286725e+01 ];

%-- Image #16:
omc_16 = [ -2.115555e+00 ; -2.043266e+00 ; 2.463130e-01 ];
Tc_16  = [ 1.621298e+02 ; -2.512312e+01 ; 7.381234e+03 ];
omc_error_16 = [ 5.230688e-03 ; 5.555479e-03 ; 1.093505e-02 ];
Tc_error_16  = [ 5.016445e+01 ; 3.869319e+01 ; 3.195486e+01 ];

%-- Image #17:
omc_17 = [ -1.942650e+00 ; -1.927099e+00 ; -2.116333e-01 ];
Tc_17  = [ 1.797408e+02 ; -5.528787e+01 ; 7.063578e+03 ];
omc_error_17 = [ 3.585276e-03 ; 5.361859e-03 ; 9.447729e-03 ];
Tc_error_17  = [ 4.803808e+01 ; 3.702924e+01 ; 3.110847e+01 ];

%-- Image #18:
omc_18 = [ -1.633067e+00 ; -1.680752e+00 ; -5.921506e-01 ];
Tc_18  = [ 2.145773e+02 ; 7.835233e+01 ; 6.790756e+03 ];
omc_error_18 = [ 3.503892e-03 ; 5.764631e-03 ; 7.890666e-03 ];
Tc_error_18  = [ 4.618568e+01 ; 3.562567e+01 ; 3.045664e+01 ];

%-- Image #19:
omc_19 = [ 1.603302e+00 ; 1.617866e+00 ; -7.513959e-01 ];
Tc_19  = [ -1.102191e+02 ; 1.042834e+01 ; 7.431534e+03 ];
omc_error_19 = [ 4.040936e-03 ; 5.418400e-03 ; 7.447498e-03 ];
Tc_error_19  = [ 5.053390e+01 ; 3.893784e+01 ; 3.142993e+01 ];

%-- Image #20:
omc_20 = [ 1.586861e+00 ; 1.653675e+00 ; -8.254749e-01 ];
Tc_20  = [ -8.215466e+02 ; 5.188027e+01 ; 7.731836e+03 ];
omc_error_20 = [ 3.705458e-03 ; 5.627349e-03 ; 7.556967e-03 ];
Tc_error_20  = [ 5.258721e+01 ; 4.065220e+01 ; 3.365002e+01 ];

%-- Image #21:
omc_21 = [ 2.276146e+00 ; 2.153991e+00 ; -8.033359e-02 ];
Tc_21  = [ -6.137898e+02 ; -4.706091e+01 ; 7.246724e+03 ];
omc_error_21 = [ 7.912880e-03 ; 7.340051e-03 ; 1.679276e-02 ];
Tc_error_21  = [ 4.929452e+01 ; 3.806398e+01 ; 3.238253e+01 ];

%-- Image #22:
omc_22 = [ -2.200684e+00 ; -2.157689e+00 ; 2.119670e-02 ];
Tc_22  = [ 8.110260e+01 ; -6.030072e+02 ; 7.015295e+03 ];
omc_error_22 = [ 6.977140e-03 ; 7.317457e-03 ; 1.616397e-02 ];
Tc_error_22  = [ 4.780151e+01 ; 3.678874e+01 ; 3.142826e+01 ];

%-- Image #23:
omc_23 = [ 2.217269e+00 ; 2.183264e+00 ; 1.471593e-03 ];
Tc_23  = [ 6.954501e+02 ; -6.217472e+02 ; 6.744055e+03 ];
omc_error_23 = [ 5.488359e-03 ; 5.095257e-03 ; 1.250252e-02 ];
Tc_error_23  = [ 4.621936e+01 ; 3.545037e+01 ; 3.068868e+01 ];

%-- Image #24:
