% Intrinsic and Extrinsic Camera Parameters
%
% This script file can be directly excecuted under Matlab to recover the camera intrinsic and extrinsic parameters.
% IMPORTANT: This file contains neither the structure of the calibration objects nor the image coordinates of the calibration points.
%            All those complementary variables are saved in the complete matlab data file Calib_Results.mat.
% For more information regarding the calibration model visit http://www.vision.caltech.edu/bouguetj/calib_doc/


%-- Focal length:
fc = [ 2228.066375025115576 ; 2228.786210217801909 ];

%-- Principal point:
cc = [ 595.006616093656930 ; 402.729130325574033 ];

%-- Skew coefficient:
alpha_c = 0.000000000000000;

%-- Distortion coefficients:
kc = [ -0.115486825262222 ; -0.436790036372463 ; -0.001048799785906 ; -0.003791781858206 ; 0.000000000000000 ];

%-- Focal length uncertainty:
fc_error = [ 10.326098169362764 ; 10.282891621314697 ];

%-- Principal point uncertainty:
cc_error = [ 12.462582806626889 ; 11.292196493414073 ];

%-- Skew coefficient uncertainty:
alpha_c_error = 0.000000000000000;

%-- Distortion coefficients uncertainty:
kc_error = [ 0.016138128695131 ; 0.202153486400662 ; 0.001192264805933 ; 0.001116016169341 ; 0.000000000000000 ];

%-- Image size:
nx = 1280;
ny = 960;


%-- Various other variables (may be ignored if you do not use the Matlab Calibration Toolbox):
%-- Those variables are used to control which intrinsic parameters should be optimized

n_ima = 56;						% Number of calibration images
est_fc = [ 1 ; 1 ];					% Estimation indicator of the two focal variables
est_aspect_ratio = 1;				% Estimation indicator of the aspect ratio fc(2)/fc(1)
center_optim = 1;					% Estimation indicator of the principal point
est_alpha = 0;						% Estimation indicator of the skew coefficient
est_dist = [ 1 ; 1 ; 1 ; 1 ; 0 ];	% Estimation indicator of the distortion coefficients


%-- Extrinsic parameters:
%-- The rotation (omc_kk) and the translation (Tc_kk) vectors for every calibration image and their uncertainties

%-- Image #1:
omc_1 = [ 1.906032e+00 ; 1.773529e+00 ; -5.312768e-01 ];
Tc_1  = [ -2.286595e+03 ; 4.252351e+02 ; 1.121552e+04 ];
omc_error_1 = [ 3.446800e-03 ; 5.093295e-03 ; 7.754923e-03 ];
Tc_error_1  = [ 6.271062e+01 ; 5.735442e+01 ; 5.477840e+01 ];

%-- Image #2:
omc_2 = [ 1.840434e+00 ; 1.656912e+00 ; -4.662045e-01 ];
Tc_2  = [ -2.183384e+03 ; 4.252816e+02 ; 9.706962e+03 ];
omc_error_2 = [ 3.468388e-03 ; 4.850438e-03 ; 7.158668e-03 ];
Tc_error_2  = [ 5.428567e+01 ; 4.975781e+01 ; 4.776438e+01 ];

%-- Image #3:
omc_3 = [ 1.888412e+00 ; 1.743268e+00 ; -4.981986e-01 ];
Tc_3  = [ -1.715644e+03 ; 4.214639e+02 ; 9.219107e+03 ];
omc_error_3 = [ 3.449351e-03 ; 4.791978e-03 ; 7.415585e-03 ];
Tc_error_3  = [ 5.160237e+01 ; 4.707594e+01 ; 4.409589e+01 ];

%-- Image #4:
omc_4 = [ 1.818406e+00 ; 1.746684e+00 ; -6.582425e-01 ];
Tc_4  = [ -1.004417e+03 ; 4.244252e+02 ; 9.154726e+03 ];
omc_error_4 = [ 3.448352e-03 ; 4.772324e-03 ; 7.242133e-03 ];
Tc_error_4  = [ 5.123842e+01 ; 4.651704e+01 ; 4.233497e+01 ];

%-- Image #5:
omc_5 = [ 1.952225e+00 ; 1.856220e+00 ; -5.819945e-01 ];
Tc_5  = [ -2.291634e+02 ; 3.771525e+02 ; 8.950605e+03 ];
omc_error_5 = [ 3.645465e-03 ; 4.569206e-03 ; 7.771601e-03 ];
Tc_error_5  = [ 5.008193e+01 ; 4.538169e+01 ; 4.113340e+01 ];

%-- Image #6:
omc_6 = [ 2.221103e+00 ; 2.138392e+00 ; -5.140870e-01 ];
Tc_6  = [ -2.082865e+02 ; 3.346345e+02 ; 8.468426e+03 ];
omc_error_6 = [ 4.259889e-03 ; 4.864684e-03 ; 9.726707e-03 ];
Tc_error_6  = [ 4.735642e+01 ; 4.292895e+01 ; 3.886763e+01 ];

%-- Image #7:
omc_7 = [ -1.981238e+00 ; -1.920264e+00 ; -3.109099e-01 ];
Tc_7  = [ -6.920134e+02 ; 3.690868e+02 ; 8.056040e+03 ];
omc_error_7 = [ 3.480463e-03 ; 4.604504e-03 ; 8.250615e-03 ];
Tc_error_7  = [ 4.508383e+01 ; 4.093405e+01 ; 3.842184e+01 ];

%-- Image #8:
omc_8 = [ -1.788055e+00 ; -1.793807e+00 ; -5.355636e-01 ];
Tc_8  = [ -7.226494e+02 ; 4.275771e+02 ; 7.965915e+03 ];
omc_error_8 = [ 3.460199e-03 ; 4.825764e-03 ; 7.288247e-03 ];
Tc_error_8  = [ 4.458949e+01 ; 4.050377e+01 ; 3.835445e+01 ];

%-- Image #9:
omc_9 = [ 1.906323e+00 ; 1.805855e+00 ; -5.826968e-01 ];
Tc_9  = [ -5.981778e+02 ; 3.647754e+02 ; 8.687844e+03 ];
omc_error_9 = [ 3.547063e-03 ; 4.602233e-03 ; 7.529013e-03 ];
Tc_error_9  = [ 4.860476e+01 ; 4.407669e+01 ; 4.003291e+01 ];

%-- Image #10:
omc_10 = [ 1.676761e+00 ; 1.580236e+00 ; -8.634877e-01 ];
Tc_10  = [ -5.900510e+02 ; 4.390584e+02 ; 8.841932e+03 ];
omc_error_10 = [ 3.747137e-03 ; 4.887936e-03 ; 6.601936e-03 ];
Tc_error_10  = [ 4.948080e+01 ; 4.485316e+01 ; 4.021699e+01 ];

%-- Image #11:
omc_11 = [ 2.030331e+00 ; 1.949140e+00 ; -4.522394e-03 ];
Tc_11  = [ -4.002682e+02 ; 2.838195e+02 ; 9.861707e+03 ];
omc_error_11 = [ 4.697882e-03 ; 4.511886e-03 ; 9.476419e-03 ];
Tc_error_11  = [ 5.518548e+01 ; 5.000245e+01 ; 4.742183e+01 ];

%-- Image #12:
omc_12 = [ -2.206037e+00 ; -2.222958e+00 ; 6.587452e-02 ];
Tc_12  = [ -9.282714e+02 ; 3.037969e+02 ; 1.191743e+04 ];
omc_error_12 = [ 1.135324e-02 ; 1.211722e-02 ; 2.605512e-02 ];
Tc_error_12  = [ 6.669140e+01 ; 6.046408e+01 ; 5.639202e+01 ];

%-- Image #13:
omc_13 = [ -2.237406e+00 ; -2.146595e+00 ; 7.831295e-03 ];
Tc_13  = [ -2.272773e+03 ; 4.505828e+02 ; 1.315103e+04 ];
omc_error_13 = [ 7.465264e-03 ; 7.288098e-03 ; 1.668718e-02 ];
Tc_error_13  = [ 7.395865e+01 ; 6.705607e+01 ; 6.330672e+01 ];

%-- Image #14:
omc_14 = [ 2.172225e+00 ; 2.164759e+00 ; -2.630765e-01 ];
Tc_14  = [ 8.067865e+02 ; 3.127747e+02 ; 1.320561e+04 ];
omc_error_14 = [ 1.006363e-02 ; 9.069300e-03 ; 2.064763e-02 ];
Tc_error_14  = [ 7.393844e+01 ; 6.701704e+01 ; 6.315701e+01 ];

%-- Image #15:
omc_15 = [ -2.192082e+00 ; -2.170426e+00 ; 2.616785e-01 ];
Tc_15  = [ 1.602257e+03 ; 3.145498e+02 ; 1.312351e+04 ];
omc_error_15 = [ 1.710645e-02 ; 2.125054e-02 ; 4.579856e-02 ];
Tc_error_15  = [ 7.365964e+01 ; 6.678862e+01 ; 6.501197e+01 ];

%-- Image #16:
omc_16 = [ -2.147169e+00 ; -2.068215e+00 ; 2.849573e-01 ];
Tc_16  = [ -7.625833e+02 ; 2.755938e+02 ; 7.355135e+03 ];
omc_error_16 = [ 4.600272e-03 ; 4.343917e-03 ; 9.080901e-03 ];
Tc_error_16  = [ 4.116721e+01 ; 3.734712e+01 ; 3.427447e+01 ];

%-- Image #17:
omc_17 = [ -1.968486e+00 ; -1.950810e+00 ; -1.809109e-01 ];
Tc_17  = [ -7.440829e+02 ; 2.322795e+02 ; 7.031091e+03 ];
omc_error_17 = [ 3.529869e-03 ; 4.465459e-03 ; 8.206402e-03 ];
Tc_error_17  = [ 3.934291e+01 ; 3.572852e+01 ; 3.340590e+01 ];

%-- Image #18:
omc_18 = [ -1.660115e+00 ; -1.707287e+00 ; -5.641653e-01 ];
Tc_18  = [ -7.093836e+02 ; 3.545730e+02 ; 6.755934e+03 ];
omc_error_18 = [ 3.579270e-03 ; 4.892181e-03 ; 6.709260e-03 ];
Tc_error_18  = [ 3.781552e+01 ; 3.436958e+01 ; 3.268280e+01 ];

%-- Image #19:
omc_19 = [ 1.573956e+00 ; 1.590575e+00 ; -7.776212e-01 ];
Tc_19  = [ -1.033844e+03 ; 3.140114e+02 ; 7.403619e+03 ];
omc_error_19 = [ 3.592487e-03 ; 4.924899e-03 ; 6.377660e-03 ];
Tc_error_19  = [ 4.144077e+01 ; 3.765877e+01 ; 3.398152e+01 ];

%-- Image #20:
omc_20 = [ 1.560770e+00 ; 1.624517e+00 ; -8.505459e-01 ];
Tc_20  = [ -1.742809e+03 ; 3.687474e+02 ; 7.709340e+03 ];
omc_error_20 = [ 3.283468e-03 ; 5.157827e-03 ; 6.492639e-03 ];
Tc_error_20  = [ 4.310115e+01 ; 3.951685e+01 ; 3.710747e+01 ];

%-- Image #21:
omc_21 = [ 2.255445e+00 ; 2.131170e+00 ; -1.486584e-01 ];
Tc_21  = [ -1.534166e+03 ; 2.494187e+02 ; 7.232109e+03 ];
omc_error_21 = [ 5.548655e-03 ; 5.776990e-03 ; 1.156266e-02 ];
Tc_error_21  = [ 4.067650e+01 ; 3.699760e+01 ; 3.499305e+01 ];

%-- Image #22:
omc_22 = [ -2.208054e+00 ; -2.164062e+00 ; 2.967431e-02 ];
Tc_22  = [ -8.413525e+02 ; -3.178404e+02 ; 6.987635e+03 ];
omc_error_22 = [ 5.904045e-03 ; 5.740238e-03 ; 1.334744e-02 ];
Tc_error_22  = [ 3.908564e+01 ; 3.546006e+01 ; 3.309233e+01 ];

%-- Image #23:
omc_23 = [ 2.205175e+00 ; 2.176080e+00 ; -3.682309e-02 ];
Tc_23  = [ -2.271918e+02 ; -3.472979e+02 ; 6.740657e+03 ];
omc_error_23 = [ 6.167983e-03 ; 5.951953e-03 ; 1.372902e-02 ];
Tc_error_23  = [ 3.772126e+01 ; 3.411520e+01 ; 3.197350e+01 ];

%-- Image #24:
