% Intrinsic and Extrinsic Camera Parameters
%
% This script file can be directly excecuted under Matlab to recover the camera intrinsic and extrinsic parameters.
% IMPORTANT: This file contains neither the structure of the calibration objects nor the image coordinates of the calibration points.
%            All those complementary variables are saved in the complete matlab data file Calib_Results.mat.
% For more information regarding the calibration model visit http://www.vision.caltech.edu/bouguetj/calib_doc/


%-- Focal length:
fc = [ 2218.984106858575615 ; 2230.777365793324861 ];

%-- Principal point:
cc = [ 657.237493210734442 ; 451.808894004422484 ];

%-- Skew coefficient:
alpha_c = 0.000000000000000;

%-- Distortion coefficients:
kc = [ -0.119137006811525 ; -0.124143299775938 ; -0.000723975776488 ; -0.003483918514915 ; 0.000000000000000 ];

%-- Focal length uncertainty:
fc_error = [ 27.863111248263344 ; 27.981135736326060 ];

%-- Principal point uncertainty:
cc_error = [ 24.297736732546049 ; 21.900868302925403 ];

%-- Skew coefficient uncertainty:
alpha_c_error = 0.000000000000000;

%-- Distortion coefficients uncertainty:
kc_error = [ 0.030800039950871 ; 0.260197996340083 ; 0.001861694158272 ; 0.002493317976200 ; 0.000000000000000 ];

%-- Image size:
nx = 1280;
ny = 960;


%-- Various other variables (may be ignored if you do not use the Matlab Calibration Toolbox):
%-- Those variables are used to control which intrinsic parameters should be optimized

n_ima = 31;						% Number of calibration images
est_fc = [ 1 ; 1 ];					% Estimation indicator of the two focal variables
est_aspect_ratio = 1;				% Estimation indicator of the aspect ratio fc(2)/fc(1)
center_optim = 1;					% Estimation indicator of the principal point
est_alpha = 0;						% Estimation indicator of the skew coefficient
est_dist = [ 1 ; 1 ; 1 ; 1 ; 0 ];	% Estimation indicator of the distortion coefficients


%-- Extrinsic parameters:
%-- The rotation (omc_kk) and the translation (Tc_kk) vectors for every calibration image and their uncertainties

%-- Image #1:
omc_1 = [ 2.169270e+00 ; 2.273107e+00 ; -5.940655e-03 ];
Tc_1  = [ -1.073715e+03 ; -7.368151e+01 ; 1.169056e+04 ];
omc_error_1 = [ 2.409567e-02 ; 2.528565e-02 ; 5.380088e-02 ];
Tc_error_1  = [ 1.279980e+02 ; 1.149094e+02 ; 1.479162e+02 ];

%-- Image #2:
omc_2 = [ 2.063693e+00 ; 2.158841e+00 ; 1.538360e-01 ];
Tc_2  = [ -1.217563e+03 ; -7.660283e+02 ; 1.184836e+04 ];
omc_error_2 = [ 1.353332e-02 ; 1.581429e-02 ; 3.116227e-02 ];
Tc_error_2  = [ 1.297136e+02 ; 1.165756e+02 ; 1.527779e+02 ];

%-- Image #3:
omc_3 = [ 2.145894e+00 ; 2.190141e+00 ; 1.124231e-01 ];
Tc_3  = [ -3.256390e+03 ; -7.415231e+02 ; 1.318317e+04 ];
omc_error_3 = [ 1.806932e-02 ; 2.257904e-02 ; 4.470378e-02 ];
Tc_error_3  = [ 1.452368e+02 ; 1.312958e+02 ; 1.720683e+02 ];

%-- Image #4:
omc_4 = [ -2.183854e+00 ; -2.069203e+00 ; 2.310257e-02 ];
Tc_4  = [ -1.054455e+03 ; -5.137083e+02 ; 1.685081e+04 ];
omc_error_4 = [ 1.770624e-02 ; 1.728347e-02 ; 3.682518e-02 ];
Tc_error_4  = [ 1.843939e+02 ; 1.655478e+02 ; 2.144517e+02 ];

%-- Image #5:
omc_5 = [ -2.146628e+00 ; -2.028512e+00 ; 1.209018e-01 ];
Tc_5  = [ 1.668921e+03 ; -4.823003e+02 ; 1.606840e+04 ];
omc_error_5 = [ 2.574425e-02 ; 2.932478e-02 ; 6.002068e-02 ];
Tc_error_5  = [ 1.761614e+02 ; 1.583604e+02 ; 2.135111e+02 ];

%-- Image #6:
omc_6 = [ -2.022144e+00 ; -1.878141e+00 ; 3.687095e-01 ];
Tc_6  = [ 1.225078e+03 ; -4.583548e+02 ; 1.348743e+04 ];
omc_error_6 = [ 1.024761e-02 ; 9.642104e-03 ; 1.786214e-02 ];
Tc_error_6  = [ 1.485551e+02 ; 1.327713e+02 ; 1.716963e+02 ];

%-- Image #7:
omc_7 = [ -2.096692e+00 ; -2.016712e+00 ; 1.442477e-01 ];
Tc_7  = [ -9.165316e+02 ; -2.964680e+02 ; 9.741733e+03 ];
omc_error_7 = [ 9.141812e-03 ; 8.456348e-03 ; 1.709371e-02 ];
Tc_error_7  = [ 1.065067e+02 ; 9.574795e+01 ; 1.219120e+02 ];

%-- Image #8:
omc_8 = [ -2.165985e+00 ; -2.186681e+00 ; -1.014409e-01 ];
Tc_8  = [ -7.305634e+02 ; -2.996786e+02 ; 7.506384e+03 ];
omc_error_8 = [ 1.117627e-02 ; 1.187291e-02 ; 2.356495e-02 ];
Tc_error_8  = [ 8.224392e+01 ; 7.382498e+01 ; 9.546528e+01 ];

%-- Image #9:
omc_9 = [ -2.223756e+00 ; -2.198328e+00 ; -3.368215e-02 ];
Tc_9  = [ -7.038984e+02 ; -2.742877e+02 ; 6.158689e+03 ];
omc_error_9 = [ 1.117691e-02 ; 1.112634e-02 ; 2.354623e-02 ];
Tc_error_9  = [ 6.749450e+01 ; 6.059507e+01 ; 7.793638e+01 ];

%-- Image #10:
omc_10 = [ -2.371338e+00 ; -2.039976e+00 ; -7.297061e-02 ];
Tc_10  = [ -1.553588e+03 ; -2.026570e+02 ; 6.095670e+03 ];
omc_error_10 = [ 1.045692e-02 ; 8.110234e-03 ; 2.131832e-02 ];
Tc_error_10  = [ 6.686970e+01 ; 6.064697e+01 ; 7.887061e+01 ];

%-- Image #11:
omc_11 = [ -2.332429e+00 ; -2.070337e+00 ; -2.353332e-02 ];
Tc_11  = [ -1.226508e+03 ; -2.355009e+02 ; 6.064754e+03 ];
omc_error_11 = [ 1.013316e-02 ; 8.391873e-03 ; 2.069963e-02 ];
Tc_error_11  = [ 6.643079e+01 ; 5.998640e+01 ; 7.730354e+01 ];

%-- Image #12:
omc_12 = [ -2.451141e+00 ; -1.958152e+00 ; -7.440135e-02 ];
Tc_12  = [ -7.297803e+02 ; -8.611897e+01 ; 5.994949e+03 ];
omc_error_12 = [ 1.145467e-02 ; 9.450310e-03 ; 2.300052e-02 ];
Tc_error_12  = [ 6.571887e+01 ; 5.898660e+01 ; 7.585247e+01 ];

%-- Image #13:
omc_13 = [ -2.649237e+00 ; -1.604497e+00 ; 6.945211e-02 ];
Tc_13  = [ -8.416202e+02 ; 4.962561e+01 ; 6.065813e+03 ];
omc_error_13 = [ 1.075644e-02 ; 6.276182e-03 ; 1.980105e-02 ];
Tc_error_13  = [ 6.633770e+01 ; 5.962915e+01 ; 7.590278e+01 ];

%-- Image #14:
omc_14 = [ -2.850316e+00 ; -9.876888e-01 ; 1.255441e-01 ];
Tc_14  = [ -1.207991e+03 ; 2.372654e+02 ; 6.074492e+03 ];
omc_error_14 = [ 1.037220e-02 ; 2.898869e-03 ; 1.754696e-02 ];
Tc_error_14  = [ 6.649047e+01 ; 5.996622e+01 ; 7.541215e+01 ];

%-- Image #15:
omc_15 = [ 2.878225e+00 ; 4.266470e-01 ; 2.618261e-01 ];
Tc_15  = [ -1.415123e+03 ; 4.952870e+02 ; 5.944956e+03 ];
omc_error_15 = [ 1.154960e-02 ; 2.876438e-03 ; 1.816632e-02 ];
Tc_error_15  = [ 6.545681e+01 ; 5.909017e+01 ; 7.671936e+01 ];

%-- Image #16:
omc_16 = [ 2.961604e+00 ; 2.513757e-02 ; 1.277685e-01 ];
Tc_16  = [ -1.528683e+03 ; 7.472984e+02 ; 6.018663e+03 ];
omc_error_16 = [ 1.221516e-02 ; 2.207778e-03 ; 1.992518e-02 ];
Tc_error_16  = [ 6.628213e+01 ; 5.997356e+01 ; 7.848596e+01 ];

%-- Image #17:
omc_17 = [ -3.057898e+00 ; -1.536609e-01 ; -4.622819e-01 ];
Tc_17  = [ -1.693074e+03 ; 6.833137e+02 ; 6.092854e+03 ];
omc_error_17 = [ 1.225522e-02 ; 1.950637e-03 ; 2.215421e-02 ];
Tc_error_17  = [ 6.757862e+01 ; 6.085181e+01 ; 7.974909e+01 ];

%-- Image #18:
omc_18 = [ -2.715674e+00 ; -1.309228e+00 ; 7.129670e-02 ];
Tc_18  = [ -1.243297e+03 ; 1.053784e+02 ; 6.319698e+03 ];
omc_error_18 = [ 1.024850e-02 ; 4.385860e-03 ; 1.780497e-02 ];
Tc_error_18  = [ 6.916623e+01 ; 6.239745e+01 ; 7.891238e+01 ];

%-- Image #19:
omc_19 = [ -2.415397e+00 ; -1.773548e+00 ; 9.438967e-02 ];
Tc_19  = [ -9.010588e+02 ; 1.043228e+01 ; 6.280494e+03 ];
omc_error_19 = [ 9.243300e-03 ; 6.682348e-03 ; 1.645721e-02 ];
Tc_error_19  = [ 6.866012e+01 ; 6.178304e+01 ; 7.818460e+01 ];

%-- Image #20:
omc_20 = [ -2.201393e+00 ; -2.039167e+00 ; 1.844558e-01 ];
Tc_20  = [ -6.795554e+02 ; 1.300308e+01 ; 6.301854e+03 ];
omc_error_20 = [ 8.590997e-03 ; 7.691804e-03 ; 1.576752e-02 ];
Tc_error_20  = [ 6.882267e+01 ; 6.190154e+01 ; 7.821209e+01 ];

%-- Image #21:
omc_21 = [ 1.994708e+00 ; 2.411881e+00 ; -2.374663e-01 ];
Tc_21  = [ -5.396336e+02 ; -1.642102e+02 ; 6.317294e+03 ];
omc_error_21 = [ 7.608190e-03 ; 9.927693e-03 ; 1.821044e-02 ];
Tc_error_21  = [ 6.899777e+01 ; 6.199375e+01 ; 7.887566e+01 ];

%-- Image #22:
omc_22 = [ 1.567831e+00 ; 1.565380e+00 ; -9.028849e-01 ];
Tc_22  = [ -7.534546e+02 ; 4.826651e+02 ; 7.193959e+03 ];
omc_error_22 = [ 7.059054e-03 ; 9.900984e-03 ; 1.198870e-02 ];
Tc_error_22  = [ 7.885142e+01 ; 7.074747e+01 ; 8.648767e+01 ];

%-- Image #23:
omc_23 = [ 1.726661e+00 ; 1.779394e+00 ; -4.489063e-01 ];
Tc_23  = [ -7.519821e+02 ; 1.262947e+02 ; 6.936402e+03 ];
omc_error_23 = [ 6.826972e-03 ; 9.042344e-03 ; 1.340596e-02 ];
Tc_error_23  = [ 7.592992e+01 ; 6.821081e+01 ; 8.573152e+01 ];

%-- Image #24:
