% Intrinsic and Extrinsic Camera Parameters
%
% This script file can be directly excecuted under Matlab to recover the camera intrinsic and extrinsic parameters.
% IMPORTANT: This file contains neither the structure of the calibration objects nor the image coordinates of the calibration points.
%            All those complementary variables are saved in the complete matlab data file Calib_Results.mat.
% For more information regarding the calibration model visit http://www.vision.caltech.edu/bouguetj/calib_doc/


%-- Focal length:
fc = [ 2227.006326870018256 ; 2231.513384691410465 ];

%-- Principal point:
cc = [ 607.934822295598906 ; 454.130695954344731 ];

%-- Skew coefficient:
alpha_c = 0.000000000000000;

%-- Distortion coefficients:
kc = [ -0.197923122911850 ; 0.337623682187772 ; 0.001303934862836 ; -0.001057480965982 ; 0.000000000000000 ];

%-- Focal length uncertainty:
fc_error = [ 10.553710247378609 ; 10.561140744397314 ];

%-- Principal point uncertainty:
cc_error = [ 16.707109796094308 ; 12.992281041573486 ];

%-- Skew coefficient uncertainty:
alpha_c_error = 0.000000000000000;

%-- Distortion coefficients uncertainty:
kc_error = [ 0.015190108011414 ; 0.123507911100062 ; 0.000914989023341 ; 0.001509738653300 ; 0.000000000000000 ];

%-- Image size:
nx = 1280;
ny = 960;


%-- Various other variables (may be ignored if you do not use the Matlab Calibration Toolbox):
%-- Those variables are used to control which intrinsic parameters should be optimized

n_ima = 47;						% Number of calibration images
est_fc = [ 1 ; 1 ];					% Estimation indicator of the two focal variables
est_aspect_ratio = 1;				% Estimation indicator of the aspect ratio fc(2)/fc(1)
center_optim = 1;					% Estimation indicator of the principal point
est_alpha = 0;						% Estimation indicator of the skew coefficient
est_dist = [ 1 ; 1 ; 1 ; 1 ; 0 ];	% Estimation indicator of the distortion coefficients


%-- Extrinsic parameters:
%-- The rotation (omc_kk) and the translation (Tc_kk) vectors for every calibration image and their uncertainties

%-- Image #1:
omc_1 = [ 1.921931e+00 ; 1.795091e+00 ; -5.306295e-01 ];
Tc_1  = [ -1.202576e+03 ; 1.231994e+02 ; 1.125223e+04 ];
omc_error_1 = [ 3.968755e-03 ; 5.929169e-03 ; 9.825690e-03 ];
Tc_error_1  = [ 8.442171e+01 ; 6.570505e+01 ; 5.546301e+01 ];

%-- Image #2:
omc_2 = [ 1.858090e+00 ; 1.677856e+00 ; -4.610989e-01 ];
Tc_2  = [ -1.123735e+03 ; 1.624246e+02 ; 9.742693e+03 ];
omc_error_2 = [ 4.095557e-03 ; 5.736512e-03 ; 9.125592e-03 ];
Tc_error_2  = [ 7.311449e+01 ; 5.692234e+01 ; 4.802891e+01 ];

%-- Image #3:
omc_3 = [ 1.906388e+00 ; 1.765518e+00 ; -4.970299e-01 ];
Tc_3  = [ -6.646321e+02 ; 1.730785e+02 ; 9.259648e+03 ];
omc_error_3 = [ 4.068705e-03 ; 5.606827e-03 ; 9.427385e-03 ];
Tc_error_3  = [ 6.947211e+01 ; 5.398167e+01 ; 4.423949e+01 ];

%-- Image #4:
omc_4 = [ 1.835370e+00 ; 1.771513e+00 ; -6.543613e-01 ];
Tc_4  = [ 4.601635e+01 ; 1.778042e+02 ; 9.194724e+03 ];
omc_error_4 = [ 4.170316e-03 ; 5.623529e-03 ; 9.333850e-03 ];
Tc_error_4  = [ 6.897373e+01 ; 5.353028e+01 ; 4.285426e+01 ];

%-- Image #5:
omc_5 = [ 1.972411e+00 ; 1.882053e+00 ; -5.776676e-01 ];
Tc_5  = [ 8.179645e+02 ; 1.355719e+02 ; 8.987286e+03 ];
omc_error_5 = [ 4.379098e-03 ; 5.210261e-03 ; 1.020696e-02 ];
Tc_error_5  = [ 6.743450e+01 ; 5.244071e+01 ; 4.283469e+01 ];

%-- Image #6:
omc_6 = [ -2.223060e+00 ; -2.147786e+00 ; 5.023419e-01 ];
Tc_6  = [ 8.314290e+02 ; 1.063994e+02 ; 8.502763e+03 ];
omc_error_6 = [ 6.145820e-03 ; 5.286480e-03 ; 1.297922e-02 ];
Tc_error_6  = [ 6.382297e+01 ; 4.962078e+01 ; 4.024705e+01 ];

%-- Image #7:
omc_7 = [ -1.960351e+00 ; -1.892553e+00 ; -3.186015e-01 ];
Tc_7  = [ 3.412363e+02 ; 1.522048e+02 ; 8.092886e+03 ];
omc_error_7 = [ 3.765423e-03 ; 5.903538e-03 ; 1.050718e-02 ];
Tc_error_7  = [ 6.073854e+01 ; 4.717012e+01 ; 3.902021e+01 ];

%-- Image #8:
omc_8 = [ -1.769958e+00 ; -1.765239e+00 ; -5.430876e-01 ];
Tc_8  = [ 3.093320e+02 ; 2.133852e+02 ; 8.005565e+03 ];
omc_error_8 = [ 3.719268e-03 ; 6.159231e-03 ; 9.428830e-03 ];
Tc_error_8  = [ 6.008233e+01 ; 4.667330e+01 ; 3.895356e+01 ];

%-- Image #9:
omc_9 = [ 1.924518e+00 ; 1.829834e+00 ; -5.785221e-01 ];
Tc_9  = [ 4.445824e+02 ; 1.305191e+02 ; 8.721002e+03 ];
omc_error_9 = [ 4.281780e-03 ; 5.332752e-03 ; 9.772901e-03 ];
Tc_error_9  = [ 6.542311e+01 ; 5.080215e+01 ; 4.105202e+01 ];

%-- Image #10:
omc_10 = [ 1.693924e+00 ; 1.608306e+00 ; -8.616500e-01 ];
Tc_10  = [ 4.554136e+02 ; 2.006865e+02 ; 8.880608e+03 ];
omc_error_10 = [ 4.683447e-03 ; 5.813925e-03 ; 8.626543e-03 ];
Tc_error_10  = [ 6.663953e+01 ; 5.173547e+01 ; 4.112879e+01 ];

%-- Image #11:
omc_11 = [ 2.053543e+00 ; 1.965817e+00 ; 4.138306e-03 ];
Tc_11  = [ 6.594852e+02 ; 1.775019e+01 ; 9.893232e+03 ];
omc_error_11 = [ 5.291229e-03 ; 4.966220e-03 ; 1.120918e-02 ];
Tc_error_11  = [ 7.424945e+01 ; 5.766572e+01 ; 4.900004e+01 ];

%-- Image #12:
omc_12 = [ -2.228339e+00 ; -2.246323e+00 ; 8.326024e-02 ];
Tc_12  = [ 1.645181e+02 ; -1.671775e+01 ; 1.198204e+04 ];
omc_error_12 = [ 1.476146e-02 ; 1.594942e-02 ; 3.520788e-02 ];
Tc_error_12  = [ 8.984696e+01 ; 6.975609e+01 ; 6.014170e+01 ];

%-- Image #13:
omc_13 = [ -2.205778e+00 ; -2.115459e+00 ; -3.544429e-02 ];
Tc_13  = [ -1.161782e+03 ; 9.671247e+01 ; 1.319201e+04 ];
omc_error_13 = [ 8.518676e-03 ; 8.743883e-03 ; 2.249022e-02 ];
Tc_error_13  = [ 9.903164e+01 ; 7.697767e+01 ; 6.550359e+01 ];

%-- Image #14:
omc_14 = [ 2.209436e+00 ; 2.198624e+00 ; -2.468764e-01 ];
Tc_14  = [ 1.919513e+03 ; -4.412427e+01 ; 1.325608e+04 ];
omc_error_14 = [ 1.018860e-02 ; 8.774555e-03 ; 2.253701e-02 ];
Tc_error_14  = [ 9.974415e+01 ; 7.762112e+01 ; 6.746952e+01 ];

%-- Image #15:
omc_15 = [ -2.179883e+00 ; -2.166365e+00 ; 2.965947e-01 ];
Tc_15  = [ 2.709824e+03 ; -4.273055e+01 ; 1.313051e+04 ];
omc_error_15 = [ 1.087004e-02 ; 1.244753e-02 ; 3.075315e-02 ];
Tc_error_15  = [ 9.926668e+01 ; 7.732756e+01 ; 6.885136e+01 ];

%-- Image #16:
omc_16 = [ -2.121860e+00 ; -2.046909e+00 ; 2.658696e-01 ];
Tc_16  = [ 2.594165e+02 ; 7.778894e+01 ; 7.388363e+03 ];
omc_error_16 = [ 5.778836e-03 ; 6.232672e-03 ; 1.227382e-02 ];
Tc_error_16  = [ 5.539499e+01 ; 4.302505e+01 ; 3.487456e+01 ];

%-- Image #17:
omc_17 = [ -1.947111e+00 ; -1.924944e+00 ; -1.912889e-01 ];
Tc_17  = [ 2.724964e+02 ; 4.342959e+01 ; 7.062677e+03 ];
omc_error_17 = [ 3.877954e-03 ; 5.859462e-03 ; 1.042459e-02 ];
Tc_error_17  = [ 5.298954e+01 ; 4.114284e+01 ; 3.390567e+01 ];

%-- Image #18:
omc_18 = [ -1.642196e+00 ; -1.678760e+00 ; -5.713405e-01 ];
Tc_18  = [ 3.036782e+02 ; 1.733255e+02 ; 6.789792e+03 ];
omc_error_18 = [ 3.842923e-03 ; 6.323143e-03 ; 8.730896e-03 ];
Tc_error_18  = [ 5.095167e+01 ; 3.958965e+01 ; 3.319335e+01 ];

%-- Image #19:
omc_19 = [ 1.590621e+00 ; 1.618260e+00 ; -7.747419e-01 ];
Tc_19  = [ -1.090075e+01 ; 1.146442e+02 ; 7.438981e+03 ];
omc_error_19 = [ 4.525534e-03 ; 5.946659e-03 ; 8.258310e-03 ];
Tc_error_19  = [ 5.579833e+01 ; 4.328873e+01 ; 3.421402e+01 ];

%-- Image #20:
omc_20 = [ 1.574902e+00 ; 1.652906e+00 ; -8.472390e-01 ];
Tc_20  = [ -7.150003e+02 ; 1.601096e+02 ; 7.743713e+03 ];
omc_error_20 = [ 4.176035e-03 ; 6.167426e-03 ; 8.383777e-03 ];
Tc_error_20  = [ 5.809327e+01 ; 4.518021e+01 ; 3.643524e+01 ];

%-- Image #21:
omc_21 = [ 2.273512e+00 ; 2.151038e+00 ; -1.022489e-01 ];
Tc_21  = [ -5.148257e+02 ; 5.394914e+01 ; 7.257680e+03 ];
omc_error_21 = [ 8.892588e-03 ; 8.054862e-03 ; 1.874543e-02 ];
Tc_error_21  = [ 5.444028e+01 ; 4.230519e+01 ; 3.520550e+01 ];

%-- Image #22:
omc_22 = [ -2.189829e+00 ; -2.145103e+00 ; 3.178284e-02 ];
Tc_22  = [ 1.735919e+02 ; -5.053817e+02 ; 7.015372e+03 ];
omc_error_22 = [ 7.564344e-03 ; 8.190184e-03 ; 1.738232e-02 ];
Tc_error_22  = [ 5.268792e+01 ; 4.085426e+01 ; 3.421696e+01 ];

%-- Image #23:
omc_23 = [ 2.226186e+00 ; 2.193580e+00 ; -2.294683e-02 ];
Tc_23  = [ 7.833127e+02 ; -5.283301e+02 ; 6.748926e+03 ];
omc_error_23 = [ 6.178457e-03 ; 5.602558e-03 ; 1.398103e-02 ];
Tc_error_23  = [ 5.102956e+01 ; 3.941586e+01 ; 3.353753e+01 ];

%-- Image #24:
