% Intrinsic and Extrinsic Camera Parameters
%
% This script file can be directly excecuted under Matlab to recover the camera intrinsic and extrinsic parameters.
% IMPORTANT: This file contains neither the structure of the calibration objects nor the image coordinates of the calibration points.
%            All those complementary variables are saved in the complete matlab data file Calib_Results.mat.
% For more information regarding the calibration model visit http://www.vision.caltech.edu/bouguetj/calib_doc/


%-- Focal length:
fc = [ 2221.832992308238317 ; 2233.725459219533150 ];

%-- Principal point:
cc = [ 623.690376969218278 ; 445.694560591249910 ];

%-- Skew coefficient:
alpha_c = 0.000000000000000;

%-- Distortion coefficients:
kc = [ -0.114526354248325 ; -0.229505575897536 ; -0.000447806267288 ; -0.003944409531376 ; 0.000000000000000 ];

%-- Focal length uncertainty:
fc_error = [ 11.647163103226122 ; 11.742522455233138 ];

%-- Principal point uncertainty:
cc_error = [ 13.610666664581499 ; 11.870599801733110 ];

%-- Skew coefficient uncertainty:
alpha_c_error = 0.000000000000000;

%-- Distortion coefficients uncertainty:
kc_error = [ 0.016576045409902 ; 0.171974042690659 ; 0.001116497506270 ; 0.001369482511920 ; 0.000000000000000 ];

%-- Image size:
nx = 1280;
ny = 960;


%-- Various other variables (may be ignored if you do not use the Matlab Calibration Toolbox):
%-- Those variables are used to control which intrinsic parameters should be optimized

n_ima = 78;						% Number of calibration images
est_fc = [ 1 ; 1 ];					% Estimation indicator of the two focal variables
est_aspect_ratio = 1;				% Estimation indicator of the aspect ratio fc(2)/fc(1)
center_optim = 1;					% Estimation indicator of the principal point
est_alpha = 0;						% Estimation indicator of the skew coefficient
est_dist = [ 1 ; 1 ; 1 ; 1 ; 0 ];	% Estimation indicator of the distortion coefficients


%-- Extrinsic parameters:
%-- The rotation (omc_kk) and the translation (Tc_kk) vectors for every calibration image and their uncertainties

%-- Image #1:
omc_1 = [ 1.920218e+00 ; 1.782507e+00 ; -4.996806e-01 ];
Tc_1  = [ -2.445749e+03 ; 2.079741e+02 ; 1.124790e+04 ];
omc_error_1 = [ 3.843023e-03 ; 5.721837e-03 ; 8.796749e-03 ];
Tc_error_1  = [ 6.894413e+01 ; 6.042161e+01 ; 6.130413e+01 ];

%-- Image #2:
omc_2 = [ 1.853943e+00 ; 1.662623e+00 ; -4.339742e-01 ];
Tc_2  = [ -2.322415e+03 ; 2.366818e+02 ; 9.735081e+03 ];
omc_error_2 = [ 3.778620e-03 ; 5.404843e-03 ; 8.034780e-03 ];
Tc_error_2  = [ 5.970329e+01 ; 5.242719e+01 ; 5.339405e+01 ];

%-- Image #3:
omc_3 = [ 1.901552e+00 ; 1.749719e+00 ; -4.655582e-01 ];
Tc_3  = [ -1.844436e+03 ; 2.426780e+02 ; 9.239353e+03 ];
omc_error_3 = [ 3.787672e-03 ; 5.357321e-03 ; 8.298928e-03 ];
Tc_error_3  = [ 5.663529e+01 ; 4.953684e+01 ; 4.956114e+01 ];

%-- Image #4:
omc_4 = [ 1.832356e+00 ; 1.752872e+00 ; -6.282738e-01 ];
Tc_4  = [ -1.127669e+03 ; 2.473039e+02 ; 9.168697e+03 ];
omc_error_4 = [ 3.757819e-03 ; 5.328316e-03 ; 7.992807e-03 ];
Tc_error_4  = [ 5.617738e+01 ; 4.885936e+01 ; 4.780530e+01 ];

%-- Image #5:
omc_5 = [ 1.964627e+00 ; 1.862041e+00 ; -5.487416e-01 ];
Tc_5  = [ -3.460825e+02 ; 2.040875e+02 ; 8.961036e+03 ];
omc_error_5 = [ 4.096032e-03 ; 5.126949e-03 ; 8.831020e-03 ];
Tc_error_5  = [ 5.489290e+01 ; 4.760601e+01 ; 4.672333e+01 ];

%-- Image #6:
omc_6 = [ 2.232791e+00 ; 2.151045e+00 ; -4.787143e-01 ];
Tc_6  = [ -3.188075e+02 ; 1.708894e+02 ; 8.474066e+03 ];
omc_error_6 = [ 5.056205e-03 ; 5.561927e-03 ; 1.127940e-02 ];
Tc_error_6  = [ 5.185441e+01 ; 4.501068e+01 ; 4.411228e+01 ];

%-- Image #7:
omc_7 = [ -1.972178e+00 ; -1.919460e+00 ; -3.372003e-01 ];
Tc_7  = [ -7.995088e+02 ; 2.133013e+02 ; 8.068481e+03 ];
omc_error_7 = [ 3.913531e-03 ; 5.284386e-03 ; 8.722146e-03 ];
Tc_error_7  = [ 4.943494e+01 ; 4.296045e+01 ; 4.341637e+01 ];

%-- Image #8:
omc_8 = [ -1.775910e+00 ; -1.792745e+00 ; -5.617632e-01 ];
Tc_8  = [ -8.292323e+02 ; 2.735689e+02 ; 7.980092e+03 ];
omc_error_8 = [ 3.741722e-03 ; 5.455710e-03 ; 7.679397e-03 ];
Tc_error_8  = [ 4.890231e+01 ; 4.251173e+01 ; 4.333585e+01 ];

%-- Image #9:
omc_9 = [ 1.918770e+00 ; 1.811224e+00 ; -5.503641e-01 ];
Tc_9  = [ -7.132356e+02 ; 1.966777e+02 ; 8.696267e+03 ];
omc_error_9 = [ 3.923962e-03 ; 5.145406e-03 ; 8.418249e-03 ];
Tc_error_9  = [ 5.326758e+01 ; 4.624693e+01 ; 4.529306e+01 ];

%-- Image #10:
omc_10 = [ 1.692928e+00 ; 1.585926e+00 ; -8.367868e-01 ];
Tc_10  = [ -7.072243e+02 ; 2.681712e+02 ; 8.855551e+03 ];
omc_error_10 = [ 4.006884e-03 ; 5.430294e-03 ; 7.202835e-03 ];
Tc_error_10  = [ 5.425325e+01 ; 4.708891e+01 ; 4.555013e+01 ];

%-- Image #11:
omc_11 = [ 2.036047e+00 ; 1.948023e+00 ; 3.187108e-02 ];
Tc_11  = [ -5.291921e+02 ; 9.331962e+01 ; 9.863415e+03 ];
omc_error_11 = [ 5.543764e-03 ; 5.509223e-03 ; 1.142207e-02 ];
Tc_error_11  = [ 6.038316e+01 ; 5.242815e+01 ; 5.410345e+01 ];

%-- Image #12:
omc_12 = [ -2.199793e+00 ; -2.217390e+00 ; 5.957875e-02 ];
Tc_12  = [ -1.086361e+03 ; 7.406165e+01 ; 1.193570e+04 ];
omc_error_12 = [ 1.355004e-02 ; 1.402897e-02 ; 3.023584e-02 ];
Tc_error_12  = [ 7.308641e+01 ; 6.350387e+01 ; 6.410272e+01 ];

%-- Image #13:
omc_13 = [ -2.230325e+00 ; -2.142808e+00 ; -5.645978e-03 ];
Tc_13  = [ -2.452894e+03 ; 1.960637e+02 ; 1.317035e+04 ];
omc_error_13 = [ 9.065521e-03 ; 8.517879e-03 ; 1.926208e-02 ];
Tc_error_13  = [ 8.096848e+01 ; 7.052884e+01 ; 7.254448e+01 ];

%-- Image #14:
omc_14 = [ 2.178906e+00 ; 2.169149e+00 ; -2.199970e-01 ];
Tc_14  = [ 6.383541e+02 ; 5.771129e+01 ; 1.321896e+04 ];
omc_error_14 = [ 1.310951e-02 ; 1.210690e-02 ; 2.794451e-02 ];
Tc_error_14  = [ 8.110027e+01 ; 7.030030e+01 ; 7.258907e+01 ];

%-- Image #15:
omc_15 = [ -2.194047e+00 ; -2.170694e+00 ; 2.078146e-01 ];
Tc_15  = [ 1.437397e+03 ; 6.074183e+01 ; 1.314108e+04 ];
omc_error_15 = [ 2.337388e-02 ; 2.801284e-02 ; 6.172141e-02 ];
Tc_error_15  = [ 8.117808e+01 ; 7.010559e+01 ; 7.588172e+01 ];

%-- Image #16:
omc_16 = [ -2.139373e+00 ; -2.066441e+00 ; 2.588337e-01 ];
Tc_16  = [ -8.599508e+02 ; 1.332564e+02 ; 7.355285e+03 ];
omc_error_16 = [ 5.143848e-03 ; 4.810949e-03 ; 9.815869e-03 ];
Tc_error_16  = [ 4.499745e+01 ; 3.916312e+01 ; 3.875700e+01 ];

%-- Image #17:
omc_17 = [ -1.960442e+00 ; -1.951396e+00 ; -2.067297e-01 ];
Tc_17  = [ -8.383895e+02 ; 9.628993e+01 ; 7.040377e+03 ];
omc_error_17 = [ 3.970482e-03 ; 5.093380e-03 ; 8.574561e-03 ];
Tc_error_17  = [ 4.312702e+01 ; 3.750610e+01 ; 3.771361e+01 ];

%-- Image #18:
omc_18 = [ -1.646719e+00 ; -1.706946e+00 ; -5.891970e-01 ];
Tc_18  = [ -8.001413e+02 ; 2.238334e+02 ; 6.766737e+03 ];
omc_error_18 = [ 3.820082e-03 ; 5.495143e-03 ; 7.032629e-03 ];
Tc_error_18  = [ 4.146482e+01 ; 3.606789e+01 ; 3.688256e+01 ];

%-- Image #19:
omc_19 = [ 1.589965e+00 ; 1.595264e+00 ; -7.516222e-01 ];
Tc_19  = [ -1.134699e+03 ; 1.705786e+02 ; 7.415625e+03 ];
omc_error_19 = [ 3.789409e-03 ; 5.465686e-03 ; 6.907583e-03 ];
Tc_error_19  = [ 4.543872e+01 ; 3.957984e+01 ; 3.832127e+01 ];

%-- Image #20:
omc_20 = [ 1.575494e+00 ; 1.631282e+00 ; -8.241767e-01 ];
Tc_20  = [ -1.852974e+03 ; 2.188583e+02 ; 7.730644e+03 ];
omc_error_20 = [ 3.452499e-03 ; 5.699036e-03 ; 7.064089e-03 ];
Tc_error_20  = [ 4.738522e+01 ; 4.163145e+01 ; 4.127173e+01 ];

%-- Image #21:
omc_21 = [ 2.267301e+00 ; 2.145221e+00 ; -1.295134e-01 ];
Tc_21  = [ -1.633129e+03 ; 1.091093e+02 ; 7.235831e+03 ];
omc_error_21 = [ 5.724496e-03 ; 6.142788e-03 ; 1.276038e-02 ];
Tc_error_21  = [ 4.445358e+01 ; 3.888315e+01 ; 3.946916e+01 ];

%-- Image #22:
omc_22 = [ -2.202633e+00 ; -2.160740e+00 ; 1.693660e-02 ];
Tc_22  = [ -9.352735e+02 ; -4.522685e+02 ; 6.994510e+03 ];
omc_error_22 = [ 7.090499e-03 ; 6.690430e-03 ; 1.533747e-02 ];
Tc_error_22  = [ 4.284534e+01 ; 3.727710e+01 ; 3.752154e+01 ];

%-- Image #23:
omc_23 = [ 2.209784e+00 ; 2.178900e+00 ; -6.480465e-03 ];
Tc_23  = [ -3.156036e+02 ; -4.765450e+02 ; 6.743422e+03 ];
omc_error_23 = [ 7.718791e-03 ; 7.697585e-03 ; 1.763883e-02 ];
Tc_error_23  = [ 4.135374e+01 ; 3.582161e+01 ; 3.659459e+01 ];

%-- Image #24:
