% Intrinsic and Extrinsic Camera Parameters
%
% This script file can be directly excecuted under Matlab to recover the camera intrinsic and extrinsic parameters.
% IMPORTANT: This file contains neither the structure of the calibration objects nor the image coordinates of the calibration points.
%            All those complementary variables are saved in the complete matlab data file Calib_Results.mat.
% For more information regarding the calibration model visit http://www.vision.caltech.edu/bouguetj/calib_doc/


%-- Focal length:
fc = [ 2223.168394275633545 ; 2236.044143955495201 ];

%-- Principal point:
cc = [ 594.939474752925435 ; 438.015370304941769 ];

%-- Skew coefficient:
alpha_c = 0.000000000000000;

%-- Distortion coefficients:
kc = [ -0.113153387774577 ; -0.323422114557603 ; -0.001308410858213 ; -0.003872938538224 ; 0.000000000000000 ];

%-- Focal length uncertainty:
fc_error = [ 9.472525369411816 ; 9.568286846648956 ];

%-- Principal point uncertainty:
cc_error = [ 14.458937102572316 ; 11.661603308242485 ];

%-- Skew coefficient uncertainty:
alpha_c_error = 0.000000000000000;

%-- Distortion coefficients uncertainty:
kc_error = [ 0.016258999446658 ; 0.200585332366898 ; 0.001223388339783 ; 0.001466572767095 ; 0.000000000000000 ];

%-- Image size:
nx = 1280;
ny = 960;


%-- Various other variables (may be ignored if you do not use the Matlab Calibration Toolbox):
%-- Those variables are used to control which intrinsic parameters should be optimized

n_ima = 47;						% Number of calibration images
est_fc = [ 1 ; 1 ];					% Estimation indicator of the two focal variables
est_aspect_ratio = 1;				% Estimation indicator of the aspect ratio fc(2)/fc(1)
center_optim = 1;					% Estimation indicator of the principal point
est_alpha = 0;						% Estimation indicator of the skew coefficient
est_dist = [ 1 ; 1 ; 1 ; 1 ; 0 ];	% Estimation indicator of the distortion coefficients


%-- Extrinsic parameters:
%-- The rotation (omc_kk) and the translation (Tc_kk) vectors for every calibration image and their uncertainties

%-- Image #1:
omc_1 = [ 1.918047e+00 ; 1.786303e+00 ; -5.185124e-01 ];
Tc_1  = [ -2.297979e+03 ; 2.470286e+02 ; 1.125153e+04 ];
omc_error_1 = [ 3.367680e-03 ; 5.341426e-03 ; 8.549468e-03 ];
Tc_error_1  = [ 7.309708e+01 ; 5.924419e+01 ; 5.129960e+01 ];

%-- Image #2:
omc_2 = [ 1.852068e+00 ; 1.667455e+00 ; -4.523069e-01 ];
Tc_2  = [ -2.194328e+03 ; 2.705857e+02 ; 9.739159e+03 ];
omc_error_2 = [ 3.449045e-03 ; 5.176426e-03 ; 7.949131e-03 ];
Tc_error_2  = [ 6.329143e+01 ; 5.140762e+01 ; 4.486211e+01 ];

%-- Image #3:
omc_3 = [ 1.899809e+00 ; 1.754183e+00 ; -4.842251e-01 ];
Tc_3  = [ -1.723794e+03 ; 2.747445e+02 ; 9.245108e+03 ];
omc_error_3 = [ 3.416973e-03 ; 5.071059e-03 ; 8.212264e-03 ];
Tc_error_3  = [ 6.011969e+01 ; 4.860371e+01 ; 4.116164e+01 ];

%-- Image #4:
omc_4 = [ 1.829797e+00 ; 1.757998e+00 ; -6.456239e-01 ];
Tc_4  = [ -1.008918e+03 ; 2.789890e+02 ; 9.176593e+03 ];
omc_error_4 = [ 3.471848e-03 ; 5.040896e-03 ; 8.132275e-03 ];
Tc_error_4  = [ 5.969506e+01 ; 4.798558e+01 ; 3.913834e+01 ];

%-- Image #5:
omc_5 = [ 1.963498e+00 ; 1.867057e+00 ; -5.663488e-01 ];
Tc_5  = [ -2.301334e+02 ; 2.350974e+02 ; 8.971947e+03 ];
omc_error_5 = [ 3.648609e-03 ; 4.716600e-03 ; 8.760678e-03 ];
Tc_error_5  = [ 5.835899e+01 ; 4.679409e+01 ; 3.792805e+01 ];

%-- Image #6:
omc_6 = [ 2.233252e+00 ; 2.153083e+00 ; -4.979040e-01 ];
Tc_6  = [ -2.092241e+02 ; 2.002744e+02 ; 8.485577e+03 ];
omc_error_6 = [ 4.030770e-03 ; 4.794523e-03 ; 1.009949e-02 ];
Tc_error_6  = [ 5.514862e+01 ; 4.424912e+01 ; 3.590030e+01 ];

%-- Image #7:
omc_7 = [ -1.972057e+00 ; -1.912818e+00 ; -3.229813e-01 ];
Tc_7  = [ -6.952036e+02 ; 2.412543e+02 ; 8.077257e+03 ];
omc_error_7 = [ 3.598063e-03 ; 5.041500e-03 ; 9.240226e-03 ];
Tc_error_7  = [ 5.255167e+01 ; 4.221625e+01 ; 3.543213e+01 ];

%-- Image #8:
omc_8 = [ -1.778219e+00 ; -1.785453e+00 ; -5.478248e-01 ];
Tc_8  = [ -7.260440e+02 ; 3.011999e+02 ; 7.988557e+03 ];
omc_error_8 = [ 3.591806e-03 ; 5.296657e-03 ; 8.255862e-03 ];
Tc_error_8  = [ 5.198316e+01 ; 4.177659e+01 ; 3.538674e+01 ];

%-- Image #9:
omc_9 = [ 1.917162e+00 ; 1.816289e+00 ; -5.680661e-01 ];
Tc_9  = [ -6.008089e+02 ; 2.267673e+02 ; 8.705922e+03 ];
omc_error_9 = [ 3.554957e-03 ; 4.809083e-03 ; 8.464028e-03 ];
Tc_error_9  = [ 5.662516e+01 ; 4.544116e+01 ; 3.691192e+01 ];

%-- Image #10:
omc_10 = [ 1.688451e+00 ; 1.591698e+00 ; -8.523069e-01 ];
Tc_10  = [ -5.927051e+02 ; 2.987451e+02 ; 8.864641e+03 ];
omc_error_10 = [ 3.926181e-03 ; 5.198232e-03 ; 7.537487e-03 ];
Tc_error_10  = [ 5.766935e+01 ; 4.627258e+01 ; 3.708980e+01 ];

%-- Image #11:
omc_11 = [ 2.039740e+00 ; 1.954515e+00 ; 1.378857e-02 ];
Tc_11  = [ -4.017509e+02 ; 1.274287e+02 ; 9.877881e+03 ];
omc_error_11 = [ 4.696864e-03 ; 4.615718e-03 ; 1.036555e-02 ];
Tc_error_11  = [ 6.424617e+01 ; 5.151814e+01 ; 4.384494e+01 ];

%-- Image #12:
omc_12 = [ -2.200432e+00 ; -2.217876e+00 ; 6.603429e-02 ];
Tc_12  = [ -9.323428e+02 ; 1.151200e+02 ; 1.194875e+04 ];
omc_error_12 = [ 1.034688e-02 ; 1.084484e-02 ; 2.360579e-02 ];
Tc_error_12  = [ 7.772187e+01 ; 6.238858e+01 ; 5.196081e+01 ];

%-- Image #13:
omc_13 = [ -2.229737e+00 ; -2.141084e+00 ; 1.906396e-03 ];
Tc_13  = [ -2.283007e+03 ; 2.417606e+02 ; 1.318769e+04 ];
omc_error_13 = [ 7.131451e-03 ; 6.902742e-03 ; 1.666462e-02 ];
Tc_error_13  = [ 8.614032e+01 ; 6.922908e+01 ; 5.891416e+01 ];

%-- Image #14:
omc_14 = [ 2.181067e+00 ; 2.172984e+00 ; -2.358397e-01 ];
Tc_14  = [ 8.101890e+02 ; 1.033153e+02 ; 1.323234e+04 ];
omc_error_14 = [ 9.270863e-03 ; 8.451362e-03 ; 2.081827e-02 ];
Tc_error_14  = [ 8.612603e+01 ; 6.909217e+01 ; 5.870244e+01 ];

%-- Image #15:
omc_15 = [ -2.193124e+00 ; -2.171144e+00 ; 2.217194e-01 ];
Tc_15  = [ 1.608585e+03 ; 1.062100e+02 ; 1.314798e+04 ];
omc_error_15 = [ 1.510224e-02 ; 1.816932e-02 ; 4.379443e-02 ];
Tc_error_15  = [ 8.614669e+01 ; 6.888559e+01 ; 6.067425e+01 ];

%-- Image #16:
omc_16 = [ -2.136681e+00 ; -2.062355e+00 ; 2.730094e-01 ];
Tc_16  = [ -7.654389e+02 ; 1.588891e+02 ; 7.368495e+03 ];
omc_error_16 = [ 4.766971e-03 ; 4.563078e-03 ; 9.673600e-03 ];
Tc_error_16  = [ 4.792427e+01 ; 3.849878e+01 ; 3.174749e+01 ];

%-- Image #17:
omc_17 = [ -1.959656e+00 ; -1.944685e+00 ; -1.932644e-01 ];
Tc_17  = [ -7.475037e+02 ; 1.207807e+02 ; 7.049705e+03 ];
omc_error_17 = [ 3.665270e-03 ; 4.926360e-03 ; 9.180931e-03 ];
Tc_error_17  = [ 4.586530e+01 ; 3.685270e+01 ; 3.085295e+01 ];

%-- Image #18:
omc_18 = [ -1.649935e+00 ; -1.699083e+00 ; -5.760487e-01 ];
Tc_18  = [ -7.127195e+02 ; 2.473635e+02 ; 6.775431e+03 ];
omc_error_18 = [ 3.739015e-03 ; 5.409189e-03 ; 7.625848e-03 ];
Tc_error_18  = [ 4.409175e+01 ; 3.544758e+01 ; 3.018024e+01 ];

%-- Image #19:
omc_19 = [ 1.585899e+00 ; 1.601588e+00 ; -7.668532e-01 ];
Tc_19  = [ -1.038630e+03 ; 1.963205e+02 ; 7.423221e+03 ];
omc_error_19 = [ 3.738271e-03 ; 5.312733e-03 ; 7.242798e-03 ];
Tc_error_19  = [ 4.829306e+01 ; 3.886546e+01 ; 3.152422e+01 ];

%-- Image #20:
omc_20 = [ 1.571101e+00 ; 1.636769e+00 ; -8.399781e-01 ];
Tc_20  = [ -1.751349e+03 ; 2.458163e+02 ; 7.734235e+03 ];
omc_error_20 = [ 3.401278e-03 ; 5.544068e-03 ; 7.348550e-03 ];
Tc_error_20  = [ 5.024927e+01 ; 4.083167e+01 ; 3.488775e+01 ];

%-- Image #21:
omc_21 = [ 2.265965e+00 ; 2.143398e+00 ; -1.424321e-01 ];
Tc_21  = [ -1.540182e+03 ; 1.344479e+02 ; 7.248433e+03 ];
omc_error_21 = [ 5.348338e-03 ; 5.630083e-03 ; 1.233532e-02 ];
Tc_error_21  = [ 4.735274e+01 ; 3.818349e+01 ; 3.274907e+01 ];

%-- Image #22:
omc_22 = [ -2.201847e+00 ; -2.159365e+00 ; 2.231331e-02 ];
Tc_22  = [ -8.450958e+02 ; -4.280970e+02 ; 7.004366e+03 ];
omc_error_22 = [ 5.652183e-03 ; 5.437031e-03 ; 1.336170e-02 ];
Tc_error_22  = [ 4.556844e+01 ; 3.659103e+01 ; 3.067377e+01 ];

%-- Image #23:
omc_23 = [ 2.209723e+00 ; 2.179778e+00 ; -2.245468e-02 ];
Tc_23  = [ -2.282306e+02 ; -4.533930e+02 ; 6.752372e+03 ];
omc_error_23 = [ 5.857536e-03 ; 5.778704e-03 ; 1.428297e-02 ];
Tc_error_23  = [ 4.396870e+01 ; 3.518493e+01 ; 2.960802e+01 ];

%-- Image #24:
